# disorder/μ phi/π evs ...
0	-1.04	-0.024665	0.024665	-0.029022	0.029022	0.23747	-0.23747	0.26666	-0.26666	0.27046	-0.27046	-0.27826	0.27826	-0.40358	0.40358	-0.43948	0.43948	-0.44381	0.44381	-0.45348	0.45348	-0.47012	0.47012	0.51677	-0.51677	0.51982	-0.51982	-0.53152	0.53152	0.53269	-0.53269	-0.54475	0.54475	0.54676	-0.54676	-0.56042	0.56042	-0.56429	0.56429	0.56648	-0.56648	-0.57966	0.57966	0.58466	-0.58466	0.60333	-0.60333	0.62566	-0.62566	-0.65368	0.65368	0.67306	-0.67306	-0.67629	0.67629	-0.69261	0.69261	0.71224	-0.71224	0.71356	-0.71356	-0.72732	0.72732	-0.75552	0.75552	0.78897	-0.78897	0.80915	-0.80915	0.81601	-0.81601	0.8399	-0.8399	-0.84947	0.84947	-0.85275	0.85275	0.85923	-0.85923	-0.87199	0.87199	0.89492	-0.89492	0.89632	-0.89632	-0.91615	0.91615	0.92921	-0.92921	-0.95326	0.95326	-0.9775	0.9775	0.98668	-0.98668	0.99603	-0.99603	1.0056	-1.0056	-1.0203	1.0203	-1.0677	1.0677	-1.0698	1.0698	-1.1019	1.1019	-1.1435	1.1435	-1.1466	1.1466	1.197	-1.197	-1.2067	1.2067	-1.2115	1.2115	-1.2223	1.2223	1.23	-1.23	-1.2632	1.2632	-1.2857	1.2857	1.2923	-1.2923	-1.2969	1.2969	-1.3118	1.3118	-1.3261	1.3261	-1.3461	1.3461	-1.3555	1.3555	-1.3599	1.3599	1.4145	-1.4145	1.423	-1.423	-1.428	1.428	-1.4377	1.4377	1.4521	-1.4521	1.4638	-1.4638	-1.4718	1.4718	1.4812	-1.4812	-1.5102	1.5102	1.5291	-1.5291	1.5396	-1.5396	1.5538	-1.5538	-1.5702	1.5702	1.576	-1.576	-1.5965	1.5965	-1.6082	1.6082	-1.6578	1.6578	1.6608	-1.6608	1.6677	-1.6677	-1.6693	1.6693	1.6947	-1.6947	1.7057	-1.7057	-1.7118	1.7118	-1.7175	1.7175	-1.7257	1.7257	1.743	-1.743	-1.7476	1.7476	-1.7683	1.7683	-1.7708	1.7708	-1.7887	1.7887	-1.7963	1.7963	-1.8097	1.8097	-1.8239	1.8239	1.8434	-1.8434	-1.8532	1.8532	1.8631	-1.8631	-1.8923	1.8923	-1.8974	1.8974	-1.9212	1.9212	1.9298	-1.9298	-1.9389	1.9389	1.9444	-1.9444	-1.9542	1.9542	1.9648	-1.9648	1.9722	-1.9722	-1.9888	1.9888	-1.9981	1.9981	2.0027	-2.0027	2.0129	-2.0129	-2.0257	2.0257	2.031	-2.031	2.049	-2.049	-2.0602	2.0602	2.0736	-2.0736	2.0824	-2.0824	-2.0839	2.0839	-2.0842	2.0842	-2.1016	2.1016	2.1205	-2.1205	-2.1473	2.1473	2.1562	-2.1562	2.1798	-2.1798	2.1959	-2.1959	-2.199	2.199	2.2184	-2.2184	2.2232	-2.2232	-2.2358	2.2358	2.242	-2.242	-2.2535	2.2535	-2.2569	2.2569	2.2752	-2.2752	-2.2854	2.2854	2.2945	-2.2945	-2.3069	2.3069	-2.3221	2.3221	2.3415	-2.3415	-2.3612	2.3612	2.3654	-2.3654	2.3784	-2.3784	2.3901	-2.3901	2.3963	-2.3963	
0	-1.02	-0.0084631	0.0084631	-0.045005	0.045005	-0.24668	0.24668	0.25047	-0.25047	0.25842	-0.25842	0.29687	-0.29687	0.41839	-0.41839	0.42111	-0.42111	0.46138	-0.46138	0.46363	-0.46363	-0.47348	0.47348	-0.50979	0.50979	0.51528	-0.51528	-0.52621	0.52621	-0.53213	0.53213	-0.53892	0.53892	0.54091	-0.54091	0.56005	-0.56005	-0.56012	0.56012	0.56987	-0.56987	0.57798	-0.57798	-0.58413	0.58413	0.60333	-0.60333	0.62517	-0.62517	0.65699	-0.65699	0.67265	-0.67265	0.67701	-0.67701	-0.69965	0.69965	-0.70896	0.70896	0.71359	-0.71359	-0.72836	0.72836	0.76571	-0.76571	0.7888	-0.7888	0.80618	-0.80618	0.81618	-0.81618	-0.83851	0.83851	0.84909	-0.84909	-0.85276	0.85276	0.86083	-0.86083	-0.87215	0.87215	0.88856	-0.88856	0.89501	-0.89501	0.91553	-0.91553	0.92914	-0.92914	0.95331	-0.95331	-0.97776	0.97776	0.98791	-0.98791	-0.99636	0.99636	-1.0046	1.0046	1.0203	-1.0203	1.0677	-1.0677	1.0683	-1.0683	1.1014	-1.1014	1.1437	-1.1437	-1.1466	1.1466	-1.1971	1.1971	1.2067	-1.2067	-1.2115	1.2115	-1.2226	1.2226	1.2301	-1.2301	-1.2637	1.2637	1.2864	-1.2864	1.2928	-1.2928	-1.297	1.297	1.3132	-1.3132	1.3256	-1.3256	-1.346	1.346	1.3555	-1.3555	1.3598	-1.3598	1.4145	-1.4145	-1.4234	1.4234	-1.4279	1.4279	-1.4375	1.4375	1.452	-1.452	-1.464	1.464	1.4749	-1.4749	-1.4813	1.4813	1.5094	-1.5094	1.5279	-1.5279	-1.5401	1.5401	1.5539	-1.5539	1.569	-1.569	-1.5752	1.5752	-1.5965	1.5965	-1.6082	1.6082	1.6575	-1.6575	-1.661	1.661	1.6678	-1.6678	-1.669	1.669	1.6953	-1.6953	-1.7061	1.7061	-1.7121	1.7121	-1.7174	1.7174	1.7257	-1.7257	-1.7434	1.7434	-1.7474	1.7474	-1.7663	1.7663	-1.7705	1.7705	-1.7887	1.7887	-1.7962	1.7962	1.8098	-1.8098	-1.8239	1.8239	1.8434	-1.8434	1.8532	-1.8532	1.8632	-1.8632	-1.8923	1.8923	1.8974	-1.8974	1.9213	-1.9213	-1.93	1.93	-1.9389	1.9389	1.9445	-1.9445	-1.9541	1.9541	-1.9648	1.9648	1.9716	-1.9716	1.9882	-1.9882	1.998	-1.998	2.0024	-2.0024	-2.0131	2.0131	-2.0255	2.0255	-2.0318	2.0318	2.0492	-2.0492	2.0598	-2.0598	-2.0736	2.0736	-2.0824	2.0824	2.0833	-2.0833	2.0842	-2.0842	2.1016	-2.1016	2.1207	-2.1207	2.1473	-2.1473	2.1564	-2.1564	2.1797	-2.1797	-2.1959	2.1959	-2.1987	2.1987	-2.2186	2.2186	2.2232	-2.2232	-2.2359	2.2359	-2.2421	2.2421	2.2534	-2.2534	-2.2562	2.2562	-2.2753	2.2753	2.2855	-2.2855	2.2945	-2.2945	-2.3067	2.3067	-2.3222	2.3222	2.3412	-2.3412	-2.361	2.361	2.3654	-2.3654	2.3784	-2.3784	2.3901	-2.3901	2.3963	-2.3963	
0	-1	-0.012048	0.012048	-0.065307	0.065307	-0.22647	0.22647	-0.23045	0.23045	-0.27935	0.27935	0.31545	-0.31545	0.40273	-0.40273	0.4273	-0.4273	0.467	-0.467	0.47621	-0.47621	0.48309	-0.48309	-0.50046	0.50046	-0.51367	0.51367	0.52548	-0.52548	-0.53176	0.53176	0.53251	-0.53251	0.53335	-0.53335	-0.55638	0.55638	-0.56	0.56	0.56948	-0.56948	0.5752	-0.5752	0.58302	-0.58302	0.60334	-0.60334	-0.62284	0.62284	0.65581	-0.65581	-0.67191	0.67191	-0.67237	0.67237	-0.70146	0.70146	0.71143	-0.71143	0.71361	-0.71361	-0.7293	0.7293	0.7768	-0.7768	0.78872	-0.78872	-0.80941	0.80941	0.81635	-0.81635	-0.84116	0.84116	-0.85046	0.85046	-0.85278	0.85278	0.86335	-0.86335	0.87374	-0.87374	0.88733	-0.88733	-0.89398	0.89398	0.9151	-0.9151	-0.92911	0.92911	0.95321	-0.95321	0.97805	-0.97805	0.98908	-0.98908	0.99694	-0.99694	1.0038	-1.0038	-1.0203	1.0203	-1.0666	1.0666	-1.0676	1.0676	1.1009	-1.1009	1.1438	-1.1438	-1.1466	1.1466	1.1973	-1.1973	-1.2067	1.2067	-1.2115	1.2115	1.2229	-1.2229	-1.23	1.23	-1.2641	1.2641	1.287	-1.287	1.2932	-1.2932	-1.297	1.297	1.3146	-1.3146	-1.3251	1.3251	1.3458	-1.3458	-1.3554	1.3554	-1.3596	1.3596	-1.4145	1.4145	-1.4236	1.4236	-1.4277	1.4277	-1.4372	1.4372	1.4518	-1.4518	-1.464	1.464	-1.4773	1.4773	-1.4813	1.4813	-1.5085	1.5085	1.5265	-1.5265	1.5406	-1.5406	1.5542	-1.5542	-1.5677	1.5677	1.5746	-1.5746	-1.5965	1.5965	-1.6082	1.6082	1.6571	-1.6571	1.661	-1.661	1.6679	-1.6679	1.6689	-1.6689	-1.6958	1.6958	-1.7065	1.7065	1.7122	-1.7122	-1.7171	1.7171	-1.7256	1.7256	-1.7437	1.7437	-1.7472	1.7472	1.7643	-1.7643	-1.7701	1.7701	-1.7887	1.7887	1.7962	-1.7962	-1.81	1.81	1.8239	-1.8239	1.8434	-1.8434	-1.8532	1.8532	1.8632	-1.8632	-1.8922	1.8922	-1.8974	1.8974	1.9213	-1.9213	-1.93	1.93	-1.9389	1.9389	-1.9446	1.9446	-1.954	1.954	-1.9649	1.9649	-1.971	1.971	1.9874	-1.9874	1.9979	-1.9979	2.002	-2.002	2.0134	-2.0134	-2.0252	2.0252	-2.0324	2.0324	-2.0494	2.0494	-2.0592	2.0592	-2.0736	2.0736	-2.0823	2.0823	2.0827	-2.0827	-2.0841	2.0841	2.1015	-2.1015	2.1207	-2.1207	-2.1474	2.1474	-2.1567	2.1567	-2.1797	2.1797	-2.196	2.196	2.1984	-2.1984	2.2187	-2.2187	2.2231	-2.2231	-2.2359	2.2359	2.2421	-2.2421	-2.2532	2.2532	2.2554	-2.2554	2.2753	-2.2753	-2.2856	2.2856	-2.2945	2.2945	-2.3064	2.3064	-2.3222	2.3222	2.341	-2.341	2.3608	-2.3608	-2.3655	2.3655	2.3784	-2.3784	2.3901	-2.3901	2.3964	-2.3964	
0	-0.98	-0.03237	0.03237	-0.085462	0.085462	-0.20627	0.20627	0.21053	-0.21053	-0.30006	0.30006	0.33394	-0.33394	0.38444	-0.38444	-0.42596	0.42596	0.4691	-0.4691	0.47814	-0.47814	-0.49918	0.49918	0.50027	-0.50027	-0.51211	0.51211	-0.52252	0.52252	0.52556	-0.52556	0.53131	-0.53131	-0.53139	0.53139	-0.55398	0.55398	0.56026	-0.56026	0.56499	-0.56499	0.57178	-0.57178	-0.58127	0.58127	0.60334	-0.60334	-0.61806	0.61806	-0.65157	0.65157	-0.66187	0.66187	-0.67219	0.67219	-0.69754	0.69754	0.71363	-0.71363	-0.71951	0.71951	-0.73016	0.73016	-0.78739	0.78739	0.78873	-0.78873	-0.81653	0.81653	-0.81811	0.81811	-0.84415	0.84415	-0.85276	0.85276	0.85593	-0.85593	0.86646	-0.86646	0.87791	-0.87791	-0.89112	0.89112	0.89367	-0.89367	-0.91491	0.91491	-0.92911	0.92911	-0.95297	0.95297	-0.97841	0.97841	-0.9902	0.9902	0.9978	-0.9978	1.0031	-1.0031	-1.0203	1.0203	1.065	-1.065	1.0676	-1.0676	-1.1003	1.1003	1.144	-1.144	-1.1466	1.1466	1.1975	-1.1975	1.2067	-1.2067	1.2115	-1.2115	-1.223	1.223	1.2299	-1.2299	-1.2644	1.2644	1.2874	-1.2874	1.2935	-1.2935	-1.2969	1.2969	-1.3159	1.3159	-1.3246	1.3246	-1.3456	1.3456	1.3553	-1.3553	-1.3593	1.3593	1.4144	-1.4144	1.4237	-1.4237	1.4275	-1.4275	-1.4369	1.4369	1.4518	-1.4518	1.464	-1.464	1.4789	-1.4789	-1.4813	1.4813	-1.5078	1.5078	-1.5251	1.5251	-1.541	1.541	-1.5549	1.5549	1.5664	-1.5664	-1.5742	1.5742	-1.5965	1.5965	1.6082	-1.6082	-1.6565	1.6565	-1.6608	1.6608	1.668	-1.668	-1.6688	1.6688	1.696	-1.696	1.7069	-1.7069	-1.7124	1.7124	1.7166	-1.7166	-1.7256	1.7256	1.7442	-1.7442	-1.7469	1.7469	1.7622	-1.7622	1.7696	-1.7696	-1.7888	1.7888	1.7962	-1.7962	1.8101	-1.8101	-1.8239	1.8239	1.8433	-1.8433	-1.8532	1.8532	-1.8632	1.8632	1.8922	-1.8922	1.8974	-1.8974	-1.9213	1.9213	-1.9299	1.9299	-1.9389	1.9389	1.9446	-1.9446	-1.9539	1.9539	1.9649	-1.9649	-1.9702	1.9702	-1.9865	1.9865	-1.9978	1.9978	-2.0016	2.0016	-2.0137	2.0137	2.0248	-2.0248	2.0329	-2.0329	2.0494	-2.0494	-2.0586	2.0586	-2.0736	2.0736	2.082	-2.082	2.0823	-2.0823	2.0841	-2.0841	-2.1013	2.1013	2.1207	-2.1207	-2.1474	2.1474	-2.157	2.157	-2.1797	2.1797	2.1959	-2.1959	-2.1981	2.1981	-2.2187	2.2187	2.2231	-2.2231	-2.2358	2.2358	2.242	-2.242	2.2529	-2.2529	-2.2545	2.2545	-2.2753	2.2753	2.2855	-2.2855	-2.2945	2.2945	2.3062	-2.3062	-2.3222	2.3222	2.3407	-2.3407	-2.3605	2.3605	-2.3655	2.3655	2.3784	-2.3784	2.3901	-2.3901	2.3964	-2.3964	
0	-0.96	-0.052257	0.052257	-0.1052	0.1052	-0.18646	0.18646	-0.19096	0.19096	-0.32016	0.32016	-0.35159	0.35159	-0.36697	0.36697	0.41543	-0.41543	0.467	-0.467	0.47909	-0.47909	-0.49697	0.49697	-0.50822	0.50822	0.51078	-0.51078	-0.52455	0.52455	-0.52669	0.52669	0.53106	-0.53106	-0.53347	0.53347	0.55127	-0.55127	-0.55885	0.55885	0.5608	-0.5608	-0.5704	0.5704	-0.57856	0.57856	0.60334	-0.60334	-0.61022	0.61022	-0.6459	0.6459	0.6491	-0.6491	-0.67214	0.67214	-0.68798	0.68798	0.71366	-0.71366	-0.73048	0.73048	-0.73268	0.73268	0.78883	-0.78883	-0.79651	0.79651	-0.81672	0.81672	-0.83075	0.83075	-0.84524	0.84524	0.85276	-0.85276	-0.86495	0.86495	0.86865	-0.86865	-0.8858	0.8858	0.89538	-0.89538	0.89973	-0.89973	-0.91507	0.91507	-0.92915	0.92915	0.95259	-0.95259	-0.97886	0.97886	-0.99127	0.99127	0.99897	-0.99897	-1.0026	1.0026	1.0203	-1.0203	-1.0632	1.0632	-1.0677	1.0677	-1.0997	1.0997	1.1441	-1.1441	-1.1465	1.1465	1.1977	-1.1977	-1.2066	1.2066	-1.2115	1.2115	1.2231	-1.2231	-1.2296	1.2296	-1.2646	1.2646	-1.2876	1.2876	1.2938	-1.2938	-1.2967	1.2967	1.317	-1.317	-1.324	1.324	-1.3453	1.3453	1.3551	-1.3551	1.359	-1.359	1.4144	-1.4144	1.4236	-1.4236	1.4274	-1.4274	-1.4365	1.4365	-1.4517	1.4517	-1.4638	1.4638	-1.4794	1.4794	1.4813	-1.4813	-1.5072	1.5072	-1.5239	1.5239	-1.5414	1.5414	1.5559	-1.5559	1.565	-1.565	1.574	-1.574	-1.5965	1.5965	1.6082	-1.6082	-1.6558	1.6558	1.6604	-1.6604	-1.668	1.668	1.6689	-1.6689	1.696	-1.696	1.7072	-1.7072	-1.7125	1.7125	1.7161	-1.7161	-1.7256	1.7256	-1.7446	1.7446	1.7466	-1.7466	1.7602	-1.7602	-1.769	1.769	1.7891	-1.7891	1.7961	-1.7961	-1.8102	1.8102	1.8239	-1.8239	1.8433	-1.8433	-1.8531	1.8531	1.8632	-1.8632	1.8922	-1.8922	1.8974	-1.8974	1.9212	-1.9212	1.9296	-1.9296	1.939	-1.939	1.9446	-1.9446	-1.9537	1.9537	-1.9649	1.9649	-1.9692	1.9692	1.9855	-1.9855	-1.9978	1.9978	-2.0011	2.0011	-2.014	2.014	2.0242	-2.0242	-2.0333	2.0333	2.0493	-2.0493	2.058	-2.058	-2.0736	2.0736	-2.0814	2.0814	2.0822	-2.0822	-2.084	2.084	-2.101	2.101	-2.1206	2.1206	2.1474	-2.1474	2.1573	-2.1573	2.1797	-2.1797	-2.1959	2.1959	-2.1978	2.1978	-2.2188	2.2188	2.223	-2.223	2.2358	-2.2358	2.2419	-2.2419	-2.2526	2.2526	-2.2535	2.2535	-2.2753	2.2753	2.2854	-2.2854	-2.2945	2.2945	-2.306	2.306	2.3223	-2.3223	2.3403	-2.3403	-2.3603	2.3603	2.3655	-2.3655	2.3785	-2.3785	2.3902	-2.3902	2.3964	-2.3964	
0	-0.94	-0.071123	0.071123	-0.12336	0.12336	-0.16806	0.16806	-0.17247	0.17247	-0.33841	0.33841	-0.34636	0.34636	-0.37237	0.37237	0.40162	-0.40162	-0.46139	0.46139	0.4789	-0.4789	-0.48165	0.48165	-0.50983	0.50983	0.51628	-0.51628	-0.52279	0.52279	-0.53063	0.53063	-0.53213	0.53213	0.53914	-0.53914	0.55041	-0.55041	-0.5616	0.5616	-0.56302	0.56302	0.56953	-0.56953	0.57394	-0.57394	0.60017	-0.60017	-0.60335	0.60335	0.63197	-0.63197	0.64343	-0.64343	0.67222	-0.67222	0.67431	-0.67431	-0.71368	0.71368	-0.73142	0.73142	-0.74788	0.74788	0.78902	-0.78902	0.80373	-0.80373	-0.81691	0.81691	0.84524	-0.84524	0.84621	-0.84621	-0.85276	0.85276	-0.86971	0.86971	-0.87209	0.87209	0.89659	-0.89659	0.9021	-0.9021	-0.91229	0.91229	-0.91621	0.91621	0.92923	-0.92923	-0.95207	0.95207	-0.97946	0.97946	-0.99227	0.99227	-1.0005	1.0005	-1.0023	1.0023	-1.0203	1.0203	-1.0615	1.0615	-1.0678	1.0678	1.0991	-1.0991	-1.1443	1.1443	1.1465	-1.1465	-1.198	1.198	-1.2066	1.2066	1.2115	-1.2115	-1.223	1.223	-1.2292	1.2292	-1.2647	1.2647	1.2877	-1.2877	1.294	-1.294	-1.2964	1.2964	-1.3181	1.3181	-1.3234	1.3234	-1.345	1.345	-1.3549	1.3549	-1.3587	1.3587	-1.4143	1.4143	-1.4234	1.4234	-1.4272	1.4272	1.4361	-1.4361	-1.4516	1.4516	1.4635	-1.4635	-1.4787	1.4787	-1.4812	1.4812	-1.5069	1.5069	1.5227	-1.5227	-1.5417	1.5417	-1.5571	1.5571	-1.5637	1.5637	-1.5738	1.5738	1.5965	-1.5965	1.6082	-1.6082	-1.6549	1.6549	1.6598	-1.6598	-1.668	1.668	-1.6691	1.6691	1.6959	-1.6959	1.7075	-1.7075	1.7126	-1.7126	-1.7154	1.7154	-1.7256	1.7256	1.7451	-1.7451	-1.7462	1.7462	-1.7581	1.7581	-1.7683	1.7683	-1.7894	1.7894	-1.7961	1.7961	1.8102	-1.8102	1.8239	-1.8239	1.8432	-1.8432	1.8531	-1.8531	1.8632	-1.8632	-1.8923	1.8923	-1.8974	1.8974	-1.921	1.921	-1.9292	1.9292	-1.9391	1.9391	-1.9446	1.9446	-1.9536	1.9536	1.9649	-1.9649	-1.9682	1.9682	-1.9843	1.9843	1.9978	-1.9978	-2.0005	2.0005	-2.0143	2.0143	2.0234	-2.0234	-2.0334	2.0334	2.049	-2.049	2.0573	-2.0573	2.0736	-2.0736	2.0807	-2.0807	-2.0821	2.0821	2.0839	-2.0839	-2.1007	2.1007	-2.1203	2.1203	-2.1473	2.1473	2.1575	-2.1575	-2.1798	2.1798	-2.1959	2.1959	2.1975	-2.1975	2.2187	-2.2187	-2.2228	2.2228	-2.2357	2.2357	2.2417	-2.2417	-2.2523	2.2523	2.2525	-2.2525	-2.2754	2.2754	-2.2851	2.2851	2.2945	-2.2945	2.3057	-2.3057	-2.3223	2.3223	2.34	-2.34	-2.36	2.36	2.3655	-2.3655	-2.3785	2.3785	2.3902	-2.3902	2.3964	-2.3964	
0	-0.92	-0.08712	0.08712	-0.13214	0.13214	-0.15388	0.15388	-0.16196	0.16196	-0.32835	0.32835	-0.34961	0.34961	-0.39053	0.39053	-0.39263	0.39263	0.45353	-0.45353	-0.46386	0.46386	0.47749	-0.47749	0.50833	-0.50833	0.50942	-0.50942	-0.51868	0.51868	-0.53044	0.53044	-0.54375	0.54375	-0.54706	0.54706	0.55007	-0.55007	-0.5626	0.5626	-0.56542	0.56542	-0.56788	0.56788	-0.57968	0.57968	-0.59076	0.59076	0.60335	-0.60335	0.61585	-0.61585	0.64046	-0.64046	0.65789	-0.65789	0.67243	-0.67243	0.71369	-0.71369	-0.73198	0.73198	0.76478	-0.76478	-0.78931	0.78931	-0.80914	0.80914	-0.8171	0.8171	-0.84568	0.84568	-0.85274	0.85274	0.86237	-0.86237	0.87021	-0.87021	-0.87454	0.87454	-0.90665	0.90665	0.91518	-0.91518	-0.92016	0.92016	-0.92838	0.92838	0.92935	-0.92935	-0.95141	0.95141	-0.98026	0.98026	-0.99322	0.99322	-1.0024	1.0024	1.0025	-1.0025	-1.0203	1.0203	-1.0597	1.0597	-1.0679	1.0679	-1.0984	1.0984	-1.1444	1.1444	1.1464	-1.1464	1.1984	-1.1984	1.2066	-1.2066	1.2115	-1.2115	-1.2227	1.2227	1.2287	-1.2287	1.2648	-1.2648	1.2875	-1.2875	1.2942	-1.2942	1.296	-1.296	-1.319	1.319	-1.3228	1.3228	-1.3446	1.3446	-1.3547	1.3547	1.3583	-1.3583	1.4141	-1.4141	-1.4231	1.4231	-1.427	1.427	1.4358	-1.4358	-1.4514	1.4514	1.4631	-1.4631	1.4769	-1.4769	1.4811	-1.4811	1.507	-1.507	-1.5218	1.5218	-1.542	1.542	1.5584	-1.5584	1.5624	-1.5624	-1.5736	1.5736	-1.5965	1.5965	-1.6082	1.6082	-1.6539	1.6539	-1.6591	1.6591	1.6679	-1.6679	-1.6695	1.6695	-1.6956	1.6956	-1.7078	1.7078	-1.7126	1.7126	-1.7145	1.7145	-1.7256	1.7256	1.7455	-1.7455	1.7458	-1.7458	1.7561	-1.7561	-1.7675	1.7675	1.7898	-1.7898	1.7961	-1.7961	1.8103	-1.8103	1.824	-1.824	-1.8431	1.8431	-1.8531	1.8531	-1.8631	1.8631	-1.8923	1.8923	-1.8974	1.8974	1.9208	-1.9208	1.9285	-1.9285	1.9393	-1.9393	1.9446	-1.9446	-1.9534	1.9534	-1.9648	1.9648	1.9671	-1.9671	-1.9829	1.9829	-1.9977	1.9977	1.9999	-1.9999	2.0146	-2.0146	2.0226	-2.0226	-2.0334	2.0334	2.0486	-2.0486	-2.0565	2.0565	-2.0736	2.0736	-2.0801	2.0801	-2.082	2.082	2.0839	-2.0839	-2.1002	2.1002	-2.12	2.12	2.1472	-2.1472	2.1578	-2.1578	2.1799	-2.1799	2.1959	-2.1959	-2.1972	2.1972	2.2187	-2.2187	2.2227	-2.2227	-2.2357	2.2357	-2.2414	2.2414	2.2514	-2.2514	-2.2519	2.2519	2.2754	-2.2754	-2.2847	2.2847	-2.2945	2.2945	2.3055	-2.3055	-2.3223	2.3223	-2.3396	2.3396	-2.3597	2.3597	-2.3655	2.3655	2.3785	-2.3785	-2.3902	2.3902	-2.3965	2.3965	
0	-0.9	-0.094116	0.094116	-0.12055	0.12055	0.14649	-0.14649	-0.174	0.174	-0.31003	0.31003	0.34378	-0.34378	0.39953	-0.39953	-0.40903	0.40903	0.44435	-0.44435	-0.44507	0.44507	0.47493	-0.47493	0.49008	-0.49008	-0.50951	0.50951	0.51841	-0.51841	-0.5302	0.5302	-0.54907	0.54907	-0.55111	0.55111	-0.55588	0.55588	-0.5563	0.5563	-0.56378	0.56378	0.56666	-0.56666	0.58423	-0.58423	-0.59925	0.59925	0.60217	-0.60217	-0.60336	0.60336	-0.63818	0.63818	-0.63969	0.63969	0.67276	-0.67276	-0.71371	0.71371	-0.73242	0.73242	0.78206	-0.78206	0.78969	-0.78969	0.81333	-0.81333	-0.81731	0.81731	0.84572	-0.84572	-0.85272	0.85272	0.87048	-0.87048	-0.87407	0.87407	0.87945	-0.87945	0.91084	-0.91084	-0.9295	0.9295	-0.93192	0.93192	0.93199	-0.93199	0.94612	-0.94612	0.95065	-0.95065	-0.98133	0.98133	-0.99412	0.99412	1.0031	-1.0031	-1.0053	1.0053	-1.0203	1.0203	-1.058	1.058	1.068	-1.068	1.0977	-1.0977	1.1445	-1.1445	-1.1463	1.1463	1.1988	-1.1988	1.2066	-1.2066	1.2116	-1.2116	1.2224	-1.2224	-1.2281	1.2281	1.2647	-1.2647	-1.2872	1.2872	1.2944	-1.2944	-1.2955	1.2955	-1.3198	1.3198	-1.3222	1.3222	-1.3442	1.3442	1.3544	-1.3544	-1.3578	1.3578	1.414	-1.414	1.4226	-1.4226	-1.4268	1.4268	1.4354	-1.4354	1.4513	-1.4513	-1.4626	1.4626	1.4741	-1.4741	-1.481	1.481	-1.5074	1.5074	1.521	-1.521	-1.5423	1.5423	-1.5597	1.5597	1.5614	-1.5614	-1.5735	1.5735	-1.5966	1.5966	1.6082	-1.6082	1.6528	-1.6528	-1.6581	1.6581	1.6678	-1.6678	1.6699	-1.6699	1.6951	-1.6951	1.708	-1.708	-1.7125	1.7125	1.7137	-1.7137	-1.7257	1.7257	-1.7453	1.7453	-1.746	1.746	-1.7541	1.7541	1.7666	-1.7666	1.7903	-1.7903	1.7961	-1.7961	-1.8103	1.8103	1.824	-1.824	-1.843	1.843	1.853	-1.853	-1.863	1.863	-1.8924	1.8924	1.8974	-1.8974	-1.9205	1.9205	1.9278	-1.9278	1.9394	-1.9394	-1.9445	1.9445	-1.9533	1.9533	1.9648	-1.9648	1.9658	-1.9658	-1.9815	1.9815	1.9977	-1.9977	1.9992	-1.9992	-2.015	2.015	2.0215	-2.0215	-2.0333	2.0333	-2.048	2.048	2.0558	-2.0558	-2.0735	2.0735	2.0795	-2.0795	-2.0818	2.0818	2.0838	-2.0838	-2.0997	2.0997	-2.1197	2.1197	-2.1471	2.1471	-2.158	2.158	2.1801	-2.1801	-2.1958	2.1958	2.1968	-2.1968	2.2185	-2.2185	-2.2225	2.2225	-2.2356	2.2356	2.241	-2.241	2.2502	-2.2502	2.2514	-2.2514	2.2754	-2.2754	-2.2843	2.2843	2.2945	-2.2945	2.3052	-2.3052	2.3223	-2.3223	-2.3393	2.3393	-2.3594	2.3594	2.3655	-2.3655	2.3786	-2.3786	-2.3903	2.3903	2.3965	-2.3965	
0	-0.88	-0.085715	0.085715	-0.10279	0.10279	-0.15401	0.15401	-0.19267	0.19267	-0.29165	0.29165	-0.32732	0.32732	-0.41649	0.41649	-0.42566	0.42566	-0.42754	0.42754	-0.43442	0.43442	-0.47037	0.47037	-0.47139	0.47139	-0.50997	0.50997	-0.51666	0.51666	-0.53	0.53	-0.53507	0.53507	-0.54782	0.54782	0.55549	-0.55549	0.56506	-0.56506	0.56509	-0.56509	0.56629	-0.56629	0.58145	-0.58145	-0.59843	0.59843	-0.60335	0.60335	-0.61852	0.61852	-0.62169	0.62169	0.63624	-0.63624	0.6732	-0.6732	0.71372	-0.71372	-0.73276	0.73276	0.79015	-0.79015	0.79811	-0.79811	-0.81735	0.81735	0.81793	-0.81793	-0.8457	0.8457	0.85269	-0.85269	-0.87064	0.87064	-0.8725	0.8725	-0.89624	0.89624	0.91224	-0.91224	0.92969	-0.92969	-0.9471	0.9471	0.94988	-0.94988	0.95004	-0.95004	-0.96527	0.96527	-0.98288	0.98288	-0.99496	0.99496	-1.0049	1.0049	-1.009	1.009	-1.0203	1.0203	1.0563	-1.0563	-1.0682	1.0682	-1.097	1.097	-1.1447	1.1447	1.1462	-1.1462	1.1993	-1.1993	-1.2066	1.2066	1.2116	-1.2116	-1.222	1.222	-1.2274	1.2274	1.2645	-1.2645	-1.2867	1.2867	-1.2945	1.2945	-1.2948	1.2948	-1.3203	1.3203	1.3218	-1.3218	-1.3436	1.3436	-1.3541	1.3541	-1.3573	1.3573	-1.4138	1.4138	-1.422	1.422	1.4267	-1.4267	1.4351	-1.4351	-1.451	1.451	1.4619	-1.4619	1.4703	-1.4703	-1.4809	1.4809	1.5081	-1.5081	1.5203	-1.5203	-1.5425	1.5425	-1.5596	1.5596	1.5619	-1.5619	-1.5734	1.5734	1.5966	-1.5966	1.6082	-1.6082	1.6516	-1.6516	1.657	-1.657	-1.6676	1.6676	-1.6705	1.6705	1.6944	-1.6944	-1.7082	1.7082	-1.7118	1.7118	-1.7132	1.7132	-1.7257	1.7257	-1.7446	1.7446	1.7466	-1.7466	-1.7523	1.7523	-1.7655	1.7655	1.7908	-1.7908	1.796	-1.796	-1.8102	1.8102	-1.8241	1.8241	-1.8429	1.8429	1.853	-1.853	1.8629	-1.8629	1.8926	-1.8926	-1.8974	1.8974	1.9201	-1.9201	-1.9268	1.9268	-1.9397	1.9397	1.9444	-1.9444	-1.9531	1.9531	1.9645	-1.9645	1.9647	-1.9647	-1.9799	1.9799	1.9977	-1.9977	1.9983	-1.9983	-2.0154	2.0154	-2.0204	2.0204	-2.0329	2.0329	2.0473	-2.0473	-2.055	2.055	2.0735	-2.0735	2.0789	-2.0789	2.0815	-2.0815	-2.0839	2.0839	2.0991	-2.0991	-2.1192	2.1192	2.1469	-2.1469	2.1583	-2.1583	-2.1804	2.1804	2.1958	-2.1958	2.1965	-2.1965	-2.2184	2.2184	2.2223	-2.2223	2.2354	-2.2354	2.2406	-2.2406	2.249	-2.249	2.251	-2.251	-2.2755	2.2755	2.2837	-2.2837	2.2945	-2.2945	2.305	-2.305	2.3222	-2.3222	2.3389	-2.3389	-2.3591	2.3591	-2.3654	2.3654	-2.3787	2.3787	2.3903	-2.3903	-2.3964	2.3964	
0	-0.86	0.068953	-0.068953	-0.083642	0.083642	-0.17012	0.17012	-0.21247	0.21247	-0.27328	0.27328	-0.30786	0.30786	0.40582	-0.40582	0.42402	-0.42402	-0.43606	0.43606	0.44603	-0.44603	0.44989	-0.44989	0.46708	-0.46708	-0.50993	0.50993	-0.51069	0.51069	-0.52075	0.52075	-0.52984	0.52984	0.54236	-0.54236	-0.54639	0.54639	0.56297	-0.56297	0.56649	-0.56649	-0.57674	0.57674	-0.57925	0.57925	0.60039	-0.60039	0.60336	-0.60336	-0.60836	0.60836	0.63452	-0.63452	0.6409	-0.6409	-0.67376	0.67376	0.71373	-0.71373	0.733	-0.733	0.7907	-0.7907	-0.80847	0.80847	0.81769	-0.81769	0.82686	-0.82686	0.84564	-0.84564	0.85266	-0.85266	0.87031	-0.87031	-0.87074	0.87074	0.91218	-0.91218	-0.91321	0.91321	0.92992	-0.92992	0.94848	-0.94848	-0.96267	0.96267	0.96775	-0.96775	0.98504	-0.98504	0.98563	-0.98563	-0.9958	0.9958	1.0089	-1.0089	-1.0144	1.0144	-1.0203	1.0203	1.0546	-1.0546	-1.0684	1.0684	-1.0962	1.0962	1.1448	-1.1448	-1.1461	1.1461	-1.2	1.2	1.2066	-1.2066	-1.2116	1.2116	1.2214	-1.2214	1.2266	-1.2266	-1.2642	1.2642	-1.2861	1.2861	1.2941	-1.2941	1.2945	-1.2945	-1.3203	1.3203	1.3217	-1.3217	-1.343	1.343	1.3538	-1.3538	-1.3567	1.3567	-1.4134	1.4134	1.4214	-1.4214	1.4265	-1.4265	1.4348	-1.4348	1.4508	-1.4508	1.4612	-1.4612	1.4658	-1.4658	-1.4807	1.4807	-1.5089	1.5089	1.5198	-1.5198	1.5427	-1.5427	-1.5586	1.5586	-1.5634	1.5634	1.5733	-1.5733	1.5967	-1.5967	1.6082	-1.6082	-1.6502	1.6502	-1.6556	1.6556	-1.6674	1.6674	1.6711	-1.6711	-1.6936	1.6936	1.7083	-1.7083	1.7107	-1.7107	-1.713	1.713	1.7257	-1.7257	-1.7436	1.7436	-1.7471	1.7471	-1.7506	1.7506	1.7644	-1.7644	-1.7915	1.7915	1.796	-1.796	-1.8102	1.8102	-1.8242	1.8242	1.8428	-1.8428	-1.8529	1.8529	1.8627	-1.8627	-1.8927	1.8927	-1.8974	1.8974	1.9197	-1.9197	1.9257	-1.9257	-1.9399	1.9399	1.9443	-1.9443	-1.9529	1.9529	-1.9631	1.9631	1.9647	-1.9647	1.9782	-1.9782	-1.9974	1.9974	1.9977	-1.9977	-2.0159	2.0159	-2.0191	2.0191	-2.0324	2.0324	-2.0463	2.0463	2.0542	-2.0542	-2.0735	2.0735	-2.0783	2.0783	-2.0811	2.0811	2.084	-2.084	2.0984	-2.0984	2.1187	-2.1187	-2.1467	2.1467	-2.1585	2.1585	2.1806	-2.1806	-2.1957	2.1957	2.1962	-2.1962	2.2181	-2.2181	-2.222	2.222	-2.2353	2.2353	-2.2401	2.2401	-2.2477	2.2477	2.2504	-2.2504	-2.2755	2.2755	-2.283	2.283	2.2945	-2.2945	-2.3048	2.3048	-2.3222	2.3222	2.3385	-2.3385	2.3588	-2.3588	2.3654	-2.3654	-2.3787	2.3787	2.3904	-2.3904	-2.3964	2.3964	
0	-0.84	-0.049658	0.049658	-0.064006	0.064006	-0.18893	0.18893	-0.23258	0.23258	-0.25491	0.25491	-0.28739	0.28739	-0.38568	0.38568	-0.41334	0.41334	-0.42896	0.42896	0.45629	-0.45629	0.46163	-0.46163	0.46498	-0.46498	-0.49286	0.49286	0.5115	-0.5115	0.51272	-0.51272	0.52746	-0.52746	-0.52972	0.52972	0.54478	-0.54478	0.55951	-0.55951	-0.56795	0.56795	-0.57647	0.57647	-0.58123	0.58123	-0.58749	0.58749	-0.60336	0.60336	0.62292	-0.62292	0.63345	-0.63345	0.66188	-0.66188	-0.67441	0.67441	0.71374	-0.71374	-0.73314	0.73314	0.79133	-0.79133	-0.81185	0.81185	-0.8179	0.8179	0.84163	-0.84163	-0.84552	0.84552	0.85262	-0.85262	0.86777	-0.86777	-0.87082	0.87082	-0.9143	0.9143	-0.92647	0.92647	0.9302	-0.9302	0.94727	-0.94727	-0.97535	0.97535	-0.98019	0.98019	-0.99296	0.99296	-0.99742	0.99742	-1.0047	1.0047	-1.0174	1.0174	1.0203	-1.0203	1.0223	-1.0223	-1.0531	1.0531	-1.0687	1.0687	-1.0954	1.0954	1.145	-1.145	-1.146	1.146	1.2007	-1.2007	1.2066	-1.2066	-1.2116	1.2116	-1.2207	1.2207	1.2257	-1.2257	-1.2638	1.2638	1.2852	-1.2852	1.2932	-1.2932	-1.2946	1.2946	1.3198	-1.3198	-1.3219	1.3219	-1.3423	1.3423	-1.3534	1.3534	-1.3561	1.3561	-1.413	1.413	-1.4208	1.4208	1.4263	-1.4263	-1.4345	1.4345	-1.4504	1.4504	-1.4602	1.4602	1.4608	-1.4608	-1.4805	1.4805	-1.5098	1.5098	-1.5193	1.5193	-1.5429	1.5429	1.5576	-1.5576	1.565	-1.565	-1.5733	1.5733	-1.5967	1.5967	1.6082	-1.6082	1.6486	-1.6486	1.654	-1.654	1.6672	-1.6672	1.6719	-1.6719	1.6926	-1.6926	1.7084	-1.7084	1.7092	-1.7092	1.713	-1.713	-1.7258	1.7258	-1.7424	1.7424	-1.7477	1.7477	1.7492	-1.7492	1.7631	-1.7631	1.7922	-1.7922	-1.796	1.796	1.8101	-1.8101	-1.8243	1.8243	1.8426	-1.8426	1.8529	-1.8529	1.8626	-1.8626	1.8929	-1.8929	-1.8974	1.8974	1.9192	-1.9192	1.9244	-1.9244	1.9403	-1.9403	-1.9441	1.9441	1.9527	-1.9527	-1.9616	1.9616	1.9646	-1.9646	1.9764	-1.9764	-1.9963	1.9963	-1.9977	1.9977	2.0163	-2.0163	-2.0177	2.0177	2.0318	-2.0318	-2.0452	2.0452	2.0534	-2.0534	-2.0735	2.0735	-2.0777	2.0777	-2.0807	2.0807	2.0841	-2.0841	2.0976	-2.0976	2.1181	-2.1181	-2.1464	2.1464	2.1587	-2.1587	2.181	-2.181	-2.1956	2.1956	2.1958	-2.1958	-2.2178	2.2178	-2.2218	2.2218	-2.2351	2.2351	2.2395	-2.2395	-2.2464	2.2464	-2.2499	2.2499	2.2755	-2.2755	-2.2822	2.2822	2.2945	-2.2945	-2.3046	2.3046	2.3221	-2.3221	-2.3381	2.3381	2.3585	-2.3585	2.3654	-2.3654	-2.3788	2.3788	2.3905	-2.3905	-2.3964	2.3964	
0	-0.82	-0.029511	0.029511	-0.044171	0.044171	-0.20869	0.20869	-0.23657	0.23657	-0.2528	0.2528	-0.26649	0.26649	-0.36532	0.36532	0.40246	-0.40246	0.40773	-0.40773	0.45653	-0.45653	-0.47065	0.47065	-0.47886	0.47886	0.48302	-0.48302	0.4979	-0.4979	0.51236	-0.51236	0.52005	-0.52005	0.52965	-0.52965	-0.54295	0.54295	-0.55019	0.55019	0.56741	-0.56741	0.56944	-0.56944	0.57365	-0.57365	0.59843	-0.59843	0.60337	-0.60337	0.62922	-0.62922	0.64186	-0.64186	-0.67516	0.67516	-0.68286	0.68286	0.71374	-0.71374	-0.73318	0.73318	0.79205	-0.79205	-0.81269	0.81269	0.81812	-0.81812	0.84531	-0.84531	-0.85257	0.85257	0.85736	-0.85736	-0.86503	0.86503	-0.8709	0.8709	-0.91583	0.91583	-0.93048	0.93048	0.93844	-0.93844	-0.94592	0.94592	0.98384	-0.98384	0.9849	-0.9849	-0.99638	0.99638	1.0101	-1.0101	-1.0203	1.0203	1.0233	-1.0233	-1.0326	1.0326	1.0336	-1.0336	-1.0518	1.0518	1.069	-1.069	1.0945	-1.0945	1.1451	-1.1451	1.1459	-1.1459	-1.2016	1.2016	1.2066	-1.2066	1.2116	-1.2116	-1.2199	1.2199	-1.2247	1.2247	1.2633	-1.2633	-1.2842	1.2842	-1.2923	1.2923	-1.2946	1.2946	-1.3192	1.3192	1.3222	-1.3222	-1.3415	1.3415	1.3531	-1.3531	1.3554	-1.3554	-1.4124	1.4124	1.4201	-1.4201	-1.4261	1.4261	1.4342	-1.4342	-1.4501	1.4501	-1.4551	1.4551	1.4593	-1.4593	-1.4803	1.4803	1.5106	-1.5106	1.519	-1.519	-1.543	1.543	1.5566	-1.5566	-1.5666	1.5666	-1.5733	1.5733	1.5968	-1.5968	1.6081	-1.6081	1.6469	-1.6469	1.6523	-1.6523	-1.6669	1.6669	-1.6727	1.6727	1.6914	-1.6914	-1.7076	1.7076	-1.7084	1.7084	-1.713	1.713	1.7258	-1.7258	1.7409	-1.7409	-1.7481	1.7481	1.7482	-1.7482	1.7617	-1.7617	-1.7931	1.7931	1.796	-1.796	-1.81	1.81	1.8244	-1.8244	1.8425	-1.8425	1.8528	-1.8528	-1.8624	1.8624	-1.8931	1.8931	-1.8974	1.8974	1.9186	-1.9186	1.923	-1.923	-1.9406	1.9406	-1.9439	1.9439	-1.9524	1.9524	1.9601	-1.9601	1.9645	-1.9645	-1.9746	1.9746	1.9952	-1.9952	-1.9977	1.9977	2.0162	-2.0162	2.0168	-2.0168	-2.031	2.031	-2.0439	2.0439	-2.0527	2.0527	2.0735	-2.0735	2.0772	-2.0772	2.0801	-2.0801	2.0843	-2.0843	-2.0967	2.0967	2.1174	-2.1174	2.1461	-2.1461	-2.159	2.159	2.1813	-2.1813	2.1955	-2.1955	2.1956	-2.1956	-2.2174	2.2174	2.2216	-2.2216	-2.235	2.235	2.2388	-2.2388	-2.245	2.245	-2.2493	2.2493	2.2755	-2.2755	2.2814	-2.2814	2.2944	-2.2944	2.3044	-2.3044	-2.3221	2.3221	2.3376	-2.3376	-2.3582	2.3582	2.3654	-2.3654	2.3789	-2.3789	2.3906	-2.3906	-2.3964	2.3964	
0	-0.8	-0.0090414	0.0090414	-0.02426	0.02426	-0.21826	0.21826	0.22884	-0.22884	-0.24541	0.24541	-0.27304	0.27304	-0.34479	0.34479	-0.38632	0.38632	-0.39144	0.39144	0.45065	-0.45065	0.45118	-0.45118	0.47783	-0.47783	-0.49836	0.49836	0.50126	-0.50126	0.51324	-0.51324	0.51702	-0.51702	0.5297	-0.5297	0.53176	-0.53176	0.54126	-0.54126	-0.56195	0.56195	0.57082	-0.57082	0.57095	-0.57095	0.60337	-0.60337	-0.60951	0.60951	0.6278	-0.6278	0.65816	-0.65816	0.67599	-0.67599	0.70374	-0.70374	0.71375	-0.71375	0.73311	-0.73311	0.79284	-0.79284	0.81253	-0.81253	0.81833	-0.81833	-0.84497	0.84497	0.85252	-0.85252	0.86218	-0.86218	-0.87096	0.87096	0.87189	-0.87189	0.91816	-0.91816	0.93082	-0.93082	0.94443	-0.94443	0.94766	-0.94766	0.98789	-0.98789	-0.98923	0.98923	-0.99701	0.99701	1.0203	-1.0203	1.0264	-1.0264	1.0417	-1.0417	-1.0487	1.0487	1.0497	-1.0497	-1.0533	1.0533	-1.0693	1.0693	-1.0936	1.0936	1.1452	-1.1452	-1.1458	1.1458	1.2027	-1.2027	-1.2066	1.2066	1.2116	-1.2116	1.219	-1.219	1.2237	-1.2237	-1.2627	1.2627	1.2831	-1.2831	-1.2913	1.2913	1.2945	-1.2945	-1.3185	1.3185	1.3224	-1.3224	-1.3406	1.3406	1.3528	-1.3528	1.3546	-1.3546	1.4116	-1.4116	-1.4196	1.4196	-1.426	1.426	-1.434	1.434	1.4491	-1.4491	-1.4496	1.4496	-1.4582	1.4582	-1.4801	1.4801	-1.5114	1.5114	1.5187	-1.5187	-1.5431	1.5431	1.5557	-1.5557	-1.5682	1.5682	-1.5733	1.5733	1.5968	-1.5968	-1.6081	1.6081	1.6451	-1.6451	-1.6503	1.6503	-1.6666	1.6666	1.6736	-1.6736	-1.6901	1.6901	1.7058	-1.7058	1.7083	-1.7083	1.7131	-1.7131	1.7259	-1.7259	-1.7391	1.7391	-1.7472	1.7472	1.7488	-1.7488	-1.7602	1.7602	1.7939	-1.7939	1.7959	-1.7959	-1.8099	1.8099	1.8245	-1.8245	1.8423	-1.8423	1.8527	-1.8527	1.8622	-1.8622	1.8933	-1.8933	-1.8974	1.8974	1.918	-1.918	1.9213	-1.9213	1.941	-1.941	1.9437	-1.9437	-1.952	1.952	1.9585	-1.9585	1.9643	-1.9643	1.9726	-1.9726	-1.9938	1.9938	-1.9977	1.9977	2.0145	-2.0145	2.0172	-2.0172	-2.03	2.03	2.0424	-2.0424	-2.0519	2.0519	2.0735	-2.0735	2.0766	-2.0766	2.0795	-2.0795	-2.0846	2.0846	-2.0956	2.0956	2.1167	-2.1167	-2.1458	2.1458	2.1592	-2.1592	2.1817	-2.1817	-2.1952	2.1952	2.1955	-2.1955	2.2169	-2.2169	-2.2215	2.2215	2.2347	-2.2347	2.2381	-2.2381	-2.2436	2.2436	-2.2487	2.2487	-2.2756	2.2756	2.2804	-2.2804	-2.2944	2.2944	2.3042	-2.3042	2.322	-2.322	-2.3372	2.3372	-2.3578	2.3578	2.3654	-2.3654	2.379	-2.379	-2.3907	2.3907	2.3963	-2.3963	
0	-0.78	-0.0043295	0.0043295	-0.011519	0.011519	-0.19998	0.19998	-0.22429	0.22429	0.24917	-0.24917	-0.29326	0.29326	-0.32414	0.32414	0.36482	-0.36482	-0.38034	0.38034	0.43001	-0.43001	0.44441	-0.44441	0.45702	-0.45702	-0.51094	0.51094	0.51376	-0.51376	-0.51398	0.51398	0.51889	-0.51889	0.51982	-0.51982	-0.53037	0.53037	-0.53911	0.53911	-0.55883	0.55883	-0.56796	0.56796	0.57244	-0.57244	0.60338	-0.60338	-0.62068	0.62068	0.62579	-0.62579	-0.67487	0.67487	0.6769	-0.6769	-0.71375	0.71375	0.72438	-0.72438	-0.73304	0.73304	-0.7937	0.7937	0.81182	-0.81182	-0.81854	0.81854	0.84439	-0.84439	0.85246	-0.85246	-0.85936	0.85936	0.87104	-0.87104	0.88392	-0.88392	0.92176	-0.92176	-0.9312	0.9312	0.94282	-0.94282	-0.95435	0.95435	0.99063	-0.99063	0.99355	-0.99355	-0.99743	0.99743	1.0203	-1.0203	-1.0429	1.0429	1.0498	-1.0498	1.0611	-1.0611	-1.0665	1.0665	1.0697	-1.0697	-1.0737	1.0737	1.0928	-1.0928	-1.1454	1.1454	-1.1456	1.1456	-1.2039	1.2039	1.2067	-1.2067	-1.2116	1.2116	1.218	-1.218	1.2226	-1.2226	1.2621	-1.2621	-1.2818	1.2818	1.2902	-1.2902	1.2944	-1.2944	1.3179	-1.3179	-1.3225	1.3225	-1.3395	1.3395	-1.3525	1.3525	1.3538	-1.3538	1.4105	-1.4105	-1.4191	1.4191	1.4258	-1.4258	1.4338	-1.4338	-1.4428	1.4428	-1.449	1.449	1.457	-1.457	-1.4798	1.4798	1.5122	-1.5122	1.5185	-1.5185	-1.5431	1.5431	1.5548	-1.5548	-1.5697	1.5697	-1.5733	1.5733	-1.5969	1.5969	1.6081	-1.6081	-1.6431	1.6431	1.6481	-1.6481	-1.6662	1.6662	-1.6745	1.6745	1.6886	-1.6886	1.7038	-1.7038	1.7082	-1.7082	-1.7131	1.7131	-1.7259	1.7259	-1.7372	1.7372	-1.7465	1.7465	1.7495	-1.7495	-1.7586	1.7586	1.7949	-1.7949	1.7959	-1.7959	1.8097	-1.8097	-1.8247	1.8247	-1.8421	1.8421	-1.8526	1.8526	-1.862	1.862	1.8936	-1.8936	1.8974	-1.8974	1.9172	-1.9172	-1.9195	1.9195	1.9414	-1.9414	1.9435	-1.9435	1.9514	-1.9514	1.957	-1.957	-1.9642	1.9642	-1.9706	1.9706	1.9923	-1.9923	1.9977	-1.9977	2.0129	-2.0129	2.0177	-2.0177	2.0289	-2.0289	-2.0408	2.0408	2.0511	-2.0511	-2.0734	2.0734	2.0761	-2.0761	2.0787	-2.0787	2.0848	-2.0848	2.0945	-2.0945	-2.116	2.116	2.1455	-2.1455	-2.1594	2.1594	2.1821	-2.1821	-2.1948	2.1948	-2.1954	2.1954	2.2163	-2.2163	2.2213	-2.2213	2.2345	-2.2345	-2.2373	2.2373	-2.2422	2.2422	2.2481	-2.2481	2.2756	-2.2756	-2.2793	2.2793	-2.2944	2.2944	2.304	-2.304	-2.3219	2.3219	2.3368	-2.3368	2.3575	-2.3575	-2.3654	2.3654	-2.379	2.379	2.3908	-2.3908	2.3963	-2.3963	
0	-0.76	-0.015586	0.015586	-0.032023	0.032023	-0.18175	0.18175	-0.20326	0.20326	-0.26955	0.26955	-0.30341	0.30341	0.3134	-0.3134	0.34333	-0.34333	-0.36916	0.36916	-0.40859	0.40859	-0.43569	0.43569	0.43786	-0.43786	-0.48941	0.48941	0.51214	-0.51214	0.51473	-0.51473	-0.52788	0.52788	0.53684	-0.53684	-0.53945	0.53945	-0.53967	0.53967	-0.55608	0.55608	-0.56527	0.56527	-0.57391	0.57391	0.6034	-0.6034	0.62358	-0.62358	0.63192	-0.63192	0.67787	-0.67787	0.69142	-0.69142	-0.71376	0.71376	-0.73245	0.73245	-0.74519	0.74519	-0.79464	0.79464	0.81072	-0.81072	0.81876	-0.81876	-0.84341	0.84341	-0.85239	0.85239	0.85675	-0.85675	0.87112	-0.87112	-0.89258	0.89258	0.92681	-0.92681	0.93161	-0.93161	0.94115	-0.94115	-0.95907	0.95907	0.99329	-0.99329	-0.99777	0.99777	-0.99802	0.99802	1.0203	-1.0203	-1.05	1.05	1.0598	-1.0598	-1.07	1.07	1.0812	-1.0812	-1.0851	1.0851	1.0928	-1.0928	1.0953	-1.0953	-1.1455	1.1455	-1.1455	1.1455	-1.2051	1.2051	-1.2071	1.2071	1.2117	-1.2117	-1.217	1.217	-1.2216	1.2216	-1.2613	1.2613	-1.2804	1.2804	1.2889	-1.2889	1.2943	-1.2943	-1.3172	1.3172	-1.3225	1.3225	-1.3384	1.3384	-1.3522	1.3522	1.3529	-1.3529	1.4092	-1.4092	1.4188	-1.4188	1.4256	-1.4256	1.4337	-1.4337	-1.4362	1.4362	-1.4484	1.4484	-1.4557	1.4557	-1.4795	1.4795	-1.5129	1.5129	-1.5183	1.5183	-1.5431	1.5431	-1.554	1.554	-1.5711	1.5711	1.5735	-1.5735	-1.5969	1.5969	-1.6081	1.6081	1.641	-1.641	1.6457	-1.6457	1.6658	-1.6658	-1.6755	1.6755	1.687	-1.687	-1.7018	1.7018	-1.7081	1.7081	1.7131	-1.7131	1.726	-1.726	1.7351	-1.7351	-1.7459	1.7459	-1.75	1.75	1.7568	-1.7568	-1.7957	1.7957	-1.7961	1.7961	-1.8095	1.8095	-1.8248	1.8248	-1.8419	1.8419	1.8525	-1.8525	1.8617	-1.8617	1.8939	-1.8939	1.8975	-1.8975	-1.9164	1.9164	1.9176	-1.9176	1.9419	-1.9419	-1.9432	1.9432	1.9505	-1.9505	-1.9557	1.9557	-1.9641	1.9641	1.9685	-1.9685	-1.9906	1.9906	-1.9977	1.9977	-2.0111	2.0111	-2.0182	2.0182	2.0277	-2.0277	2.0391	-2.0391	-2.0504	2.0504	2.0734	-2.0734	2.0755	-2.0755	2.0779	-2.0779	-2.0852	2.0852	-2.0933	2.0933	-2.1152	2.1152	2.1451	-2.1451	-2.1596	2.1596	-2.1825	2.1825	-2.1945	2.1945	-2.1952	2.1952	2.2156	-2.2156	-2.2212	2.2212	2.2342	-2.2342	-2.2364	2.2364	2.2407	-2.2407	-2.2474	2.2474	-2.2756	2.2756	2.2782	-2.2782	2.2943	-2.2943	2.3038	-2.3038	2.3218	-2.3218	2.3363	-2.3363	2.3572	-2.3572	-2.3654	2.3654	-2.3791	2.3791	-2.3909	2.3909	2.3962	-2.3962	
0	-0.74	-0.035465	0.035465	-0.0523	0.0523	-0.16355	0.16355	-0.18247	0.18247	-0.28264	0.28264	-0.28989	0.28989	-0.3214	0.3214	-0.33395	0.33395	0.35795	-0.35795	-0.38705	0.38705	0.41416	-0.41416	0.43103	-0.43103	0.46762	-0.46762	-0.50991	0.50991	-0.51546	0.51546	-0.52854	0.52854	0.53441	-0.53441	-0.55336	0.55336	0.55631	-0.55631	-0.55717	0.55717	0.56568	-0.56568	0.5754	-0.5754	0.60342	-0.60342	0.62121	-0.62121	-0.6432	0.6432	0.67889	-0.67889	0.70763	-0.70763	0.71378	-0.71378	-0.73209	0.73209	0.76532	-0.76532	0.79565	-0.79565	0.80939	-0.80939	-0.81899	0.81899	-0.84182	0.84182	-0.85232	0.85232	0.85457	-0.85457	0.87121	-0.87121	-0.89802	0.89802	-0.93205	0.93205	-0.93235	0.93235	-0.9396	0.9396	0.96245	-0.96245	-0.99571	0.99571	-0.99821	0.99821	-1.0031	1.0031	1.0203	-1.0203	-1.0514	1.0514	-1.0704	1.0704	-1.0764	1.0764	-1.0909	1.0909	1.1017	-1.1017	1.1066	-1.1066	-1.1171	1.1171	-1.1454	1.1454	-1.1457	1.1457	1.2058	-1.2058	1.2082	-1.2082	1.2119	-1.2119	1.2158	-1.2158	-1.2209	1.2209	-1.2605	1.2605	-1.2789	1.2789	-1.2877	1.2877	1.2941	-1.2941	1.3166	-1.3166	-1.3224	1.3224	-1.3371	1.3371	-1.3519	1.3519	-1.3519	1.3519	1.4077	-1.4077	1.4186	-1.4186	-1.4254	1.4254	-1.4294	1.4294	-1.4336	1.4336	-1.4477	1.4477	1.4543	-1.4543	1.4792	-1.4792	1.5136	-1.5136	-1.5181	1.5181	-1.5431	1.5431	1.5533	-1.5533	1.5721	-1.5721	1.574	-1.574	-1.597	1.597	1.608	-1.608	-1.6387	1.6387	1.6431	-1.6431	1.6653	-1.6653	-1.6766	1.6766	1.6853	-1.6853	1.6996	-1.6996	1.7079	-1.7079	1.7131	-1.7131	-1.7261	1.7261	-1.7329	1.7329	-1.7453	1.7453	-1.7505	1.7505	1.7551	-1.7551	1.7957	-1.7957	1.7971	-1.7971	-1.8093	1.8093	1.825	-1.825	1.8417	-1.8417	-1.8524	1.8524	1.8614	-1.8614	1.8943	-1.8943	-1.8975	1.8975	-1.9155	1.9155	-1.9156	1.9156	-1.9423	1.9423	-1.9428	1.9428	-1.9492	1.9492	1.9548	-1.9548	1.9639	-1.9639	-1.9663	1.9663	-1.9887	1.9887	1.9977	-1.9977	2.0093	-2.0093	2.0187	-2.0187	-2.0263	2.0263	2.0373	-2.0373	2.0497	-2.0497	2.0733	-2.0733	2.075	-2.075	-2.0769	2.0769	-2.0855	2.0855	2.0919	-2.0919	2.1145	-2.1145	2.1448	-2.1448	-2.1598	2.1598	2.183	-2.183	2.1942	-2.1942	2.1951	-2.1951	-2.2149	2.2149	-2.2211	2.2211	-2.2339	2.2339	-2.2354	2.2354	-2.2393	2.2393	-2.2467	2.2467	-2.2756	2.2756	2.2769	-2.2769	2.2943	-2.2943	-2.3037	2.3037	-2.3216	2.3216	-2.3358	2.3358	2.3568	-2.3568	-2.3654	2.3654	2.3792	-2.3792	-2.391	2.391	-2.3961	2.3961	
0	-0.72	-0.055291	0.055291	-0.071999	0.071999	0.14541	-0.14541	-0.16227	0.16227	-0.26187	0.26187	-0.29958	0.29958	-0.31075	0.31075	-0.34664	0.34664	-0.35384	0.35384	-0.36546	0.36546	0.39256	-0.39256	-0.42396	0.42396	0.44574	-0.44574	-0.50752	0.50752	-0.51611	0.51611	-0.52865	0.52865	0.53181	-0.53181	0.55053	-0.55053	-0.55683	0.55683	-0.57418	0.57418	-0.57771	0.57771	0.58222	-0.58222	0.60348	-0.60348	0.61878	-0.61878	-0.65452	0.65452	-0.67995	0.67995	0.71373	-0.71373	0.72349	-0.72349	-0.73155	0.73155	0.78477	-0.78477	-0.79671	0.79671	0.80823	-0.80823	0.81922	-0.81922	0.83947	-0.83947	0.85222	-0.85222	0.85302	-0.85302	-0.87131	0.87131	-0.9013	0.9013	0.93252	-0.93252	0.93534	-0.93534	-0.93986	0.93986	0.96494	-0.96494	-0.99705	0.99705	0.99964	-0.99964	-1.0085	1.0085	-1.0203	1.0203	-1.0549	1.0549	1.0709	-1.0709	1.0861	-1.0861	-1.0981	1.0981	-1.1224	1.1224	1.126	-1.126	-1.1389	1.1389	-1.1455	1.1455	1.1458	-1.1458	1.206	-1.206	1.2097	-1.2097	-1.2123	1.2123	1.2146	-1.2146	-1.2207	1.2207	-1.2596	1.2596	1.2773	-1.2773	1.2863	-1.2863	1.2939	-1.2939	-1.316	1.316	-1.3221	1.3221	1.3357	-1.3357	-1.3508	1.3508	1.3516	-1.3516	-1.4059	1.4059	1.4184	-1.4184	-1.4219	1.4219	-1.4256	1.4256	-1.4335	1.4335	-1.4469	1.4469	-1.4528	1.4528	-1.4788	1.4788	1.5142	-1.5142	-1.518	1.518	-1.5431	1.5431	1.5526	-1.5526	1.5725	-1.5725	-1.5749	1.5749	1.5971	-1.5971	-1.608	1.608	-1.6363	1.6363	-1.6404	1.6404	1.6649	-1.6649	-1.6776	1.6776	1.6833	-1.6833	1.6972	-1.6972	-1.7077	1.7077	-1.7131	1.7131	-1.7261	1.7261	1.7307	-1.7307	-1.7448	1.7448	1.7507	-1.7507	-1.7537	1.7537	1.7956	-1.7956	1.7982	-1.7982	1.8091	-1.8091	-1.8252	1.8252	1.8414	-1.8414	-1.8523	1.8523	1.8612	-1.8612	-1.8946	1.8946	-1.8975	1.8975	1.9132	-1.9132	1.9147	-1.9147	-1.9425	1.9425	1.9429	-1.9429	-1.9474	1.9474	-1.9541	1.9541	1.9637	-1.9637	-1.9642	1.9642	1.9865	-1.9865	1.9977	-1.9977	-2.0076	2.0076	-2.0193	2.0193	-2.0247	2.0247	2.0355	-2.0355	-2.0489	2.0489	2.0731	-2.0731	2.0745	-2.0745	-2.0759	2.0759	-2.0859	2.0859	-2.0904	2.0904	2.1137	-2.1137	-2.1444	2.1444	2.16	-2.16	-2.1835	2.1835	-2.1938	2.1938	2.195	-2.195	2.2141	-2.2141	2.221	-2.221	-2.2336	2.2336	-2.2343	2.2343	-2.2378	2.2378	2.246	-2.246	2.2756	-2.2756	2.2757	-2.2757	-2.2942	2.2942	2.3036	-2.3036	2.3215	-2.3215	2.3354	-2.3354	2.3565	-2.3565	2.3654	-2.3654	2.3793	-2.3793	2.3911	-2.3911	2.396	-2.396	
0	-0.7	-0.075043	0.075043	-0.089865	0.089865	-0.12733	0.12733	-0.14394	0.14394	-0.24112	0.24112	0.27839	-0.27839	-0.33079	0.33079	-0.3354	0.3354	-0.34388	0.34388	-0.37094	0.37094	-0.37378	0.37378	-0.41667	0.41667	-0.42384	0.42384	-0.50498	0.50498	0.51672	-0.51672	-0.52867	0.52867	0.52903	-0.52903	0.54756	-0.54756	0.55369	-0.55369	0.57767	-0.57767	0.59342	-0.59342	0.60141	-0.60141	-0.60375	0.60375	0.61678	-0.61678	-0.66586	0.66586	-0.68105	0.68105	-0.71374	0.71374	-0.73086	0.73086	-0.7388	0.7388	-0.79783	0.79783	-0.79959	0.79959	-0.81105	0.81105	0.81948	-0.81948	-0.83639	0.83639	-0.85192	0.85192	0.85226	-0.85226	0.87142	-0.87142	-0.90338	0.90338	-0.93303	0.93303	0.93412	-0.93412	0.94279	-0.94279	-0.96686	0.96686	-0.99723	0.99723	1.0022	-1.0022	-1.0132	1.0132	-1.0203	1.0203	-1.0615	1.0615	1.0714	-1.0714	-1.0862	1.0862	-1.1143	1.1143	-1.142	1.142	1.1431	-1.1431	-1.146	1.146	-1.1488	1.1488	-1.1608	1.1608	1.2061	-1.2061	-1.2105	1.2105	-1.2132	1.2132	1.2134	-1.2134	-1.2222	1.2222	-1.2585	1.2585	1.2755	-1.2755	1.2849	-1.2849	1.2937	-1.2937	-1.3154	1.3154	-1.3218	1.3218	1.3342	-1.3342	1.3497	-1.3497	1.3513	-1.3513	-1.4039	1.4039	1.4147	-1.4147	-1.4184	1.4184	1.4254	-1.4254	-1.4336	1.4336	1.446	-1.446	-1.4512	1.4512	1.4785	-1.4785	1.5148	-1.5148	-1.518	1.518	-1.543	1.543	1.5519	-1.5519	1.5726	-1.5726	1.5761	-1.5761	-1.5971	1.5971	1.608	-1.608	1.6338	-1.6338	1.6374	-1.6374	-1.6643	1.6643	-1.6787	1.6787	1.6813	-1.6813	-1.6948	1.6948	1.7075	-1.7075	1.7131	-1.7131	-1.7262	1.7262	-1.7285	1.7285	-1.7443	1.7443	-1.7496	1.7496	-1.7533	1.7533	1.7955	-1.7955	1.7994	-1.7994	1.8089	-1.8089	-1.8253	1.8253	-1.8412	1.8412	1.8522	-1.8522	-1.8608	1.8608	1.895	-1.895	1.8975	-1.8975	-1.9107	1.9107	1.9137	-1.9137	1.9421	-1.9421	-1.9434	1.9434	-1.9453	1.9453	1.9537	-1.9537	1.962	-1.962	-1.9635	1.9635	1.9841	-1.9841	1.9977	-1.9977	-2.0058	2.0058	2.0198	-2.0198	2.0229	-2.0229	2.0336	-2.0336	2.0482	-2.0482	-2.0728	2.0728	-2.0741	2.0741	-2.0747	2.0747	2.0863	-2.0863	2.0888	-2.0888	-2.113	2.113	2.144	-2.144	2.1602	-2.1602	2.184	-2.184	-2.1935	2.1935	-2.1948	2.1948	-2.2132	2.2132	-2.2209	2.2209	-2.2331	2.2331	2.2332	-2.2332	2.2365	-2.2365	2.2453	-2.2453	-2.2742	2.2742	2.2757	-2.2757	2.2941	-2.2941	2.3034	-2.3034	-2.3213	2.3213	-2.3349	2.3349	2.3562	-2.3562	-2.3654	2.3654	2.3795	-2.3795	2.3913	-2.3913	2.3959	-2.3959	
0	-0.68	-0.094556	0.094556	-0.099234	0.099234	-0.10935	0.10935	-0.13426	0.13426	-0.22041	0.22041	-0.25702	0.25702	-0.32234	0.32234	-0.3241	0.3241	-0.34936	0.34936	-0.35101	0.35101	-0.39367	0.39367	0.40198	-0.40198	0.40918	-0.40918	0.50227	-0.50227	-0.51727	0.51727	-0.52607	0.52607	0.52866	-0.52866	-0.54442	0.54442	-0.55009	0.55009	-0.57898	0.57898	-0.60289	0.60289	0.61081	-0.61081	-0.61239	0.61239	0.62446	-0.62446	0.67722	-0.67722	0.68217	-0.68217	0.71374	-0.71374	-0.73003	0.73003	0.75352	-0.75352	0.79901	-0.79901	-0.80081	0.80081	-0.81956	0.81956	-0.82698	0.82698	-0.83279	0.83279	0.85143	-0.85143	-0.85211	0.85211	0.87155	-0.87155	-0.90483	0.90483	-0.93203	0.93203	0.93356	-0.93356	0.94501	-0.94501	-0.96842	0.96842	-0.99708	0.99708	-1.005	1.005	-1.0163	1.0163	1.0203	-1.0203	-1.0714	1.0714	1.0719	-1.0719	-1.085	1.085	-1.1306	1.1306	-1.1439	1.1439	-1.1462	1.1462	-1.1637	1.1637	-1.1655	1.1655	-1.1827	1.1827	-1.2061	1.2061	-1.2108	1.2108	-1.2122	1.2122	-1.2139	1.2139	1.2264	-1.2264	-1.2575	1.2575	-1.2737	1.2737	-1.2834	1.2834	1.2936	-1.2936	1.3149	-1.3149	1.3213	-1.3213	-1.3326	1.3326	-1.3485	1.3485	-1.3511	1.3511	-1.4018	1.4018	1.4072	-1.4072	-1.4184	1.4184	1.4253	-1.4253	1.4336	-1.4336	1.4449	-1.4449	-1.4495	1.4495	-1.4781	1.4781	-1.5153	1.5153	-1.5179	1.5179	1.5429	-1.5429	-1.5513	1.5513	1.5727	-1.5727	1.5772	-1.5772	1.5972	-1.5972	-1.608	1.608	-1.6311	1.6311	-1.6343	1.6343	1.6638	-1.6638	-1.679	1.679	1.6798	-1.6798	-1.6922	1.6922	1.7072	-1.7072	1.7132	-1.7132	-1.7263	1.7263	-1.7263	1.7263	-1.7438	1.7438	-1.7476	1.7476	-1.7537	1.7537	1.7954	-1.7954	1.8007	-1.8007	-1.8087	1.8087	-1.8255	1.8255	-1.8409	1.8409	1.8521	-1.8521	-1.8605	1.8605	-1.8954	1.8954	1.8975	-1.8975	-1.9081	1.9081	-1.9126	1.9126	1.9417	-1.9417	-1.9428	1.9428	1.944	-1.944	-1.9534	1.9534	1.9599	-1.9599	1.9633	-1.9633	1.9815	-1.9815	-1.9977	1.9977	2.004	-2.004	-2.0203	2.0203	-2.021	2.021	-2.0317	2.0317	2.0475	-2.0475	-2.0723	2.0723	2.0733	-2.0733	-2.0739	2.0739	2.0863	-2.0863	2.0876	-2.0876	-2.1123	2.1123	-2.1436	2.1436	2.1604	-2.1604	-2.1845	2.1845	2.1932	-2.1932	2.1947	-2.1947	2.2123	-2.2123	-2.2208	2.2208	-2.2318	2.2318	-2.2328	2.2328	2.2351	-2.2351	-2.2447	2.2447	2.2727	-2.2727	2.2757	-2.2757	-2.294	2.294	-2.3033	2.3033	-2.3211	2.3211	-2.3345	2.3345	-2.3558	2.3558	-2.3654	2.3654	-2.3796	2.3796	-2.3914	2.3914	-2.3958	2.3958	
