# disorder/μ phi/π evs ...
0	-1.04	0.19617	-0.19617	-0.24416	0.24416	-0.30345	0.30345	0.30567	-0.30567	0.33451	-0.33451	-0.39934	0.39934	0.45424	-0.45424	0.48155	-0.48155	0.51022	-0.51022	-0.529	0.529	0.59635	-0.59635	0.64078	-0.64078	-0.65954	0.65954	0.68712	-0.68712	-0.73164	0.73164	0.7374	-0.7374	0.74017	-0.74017	0.80383	-0.80383	-0.83505	0.83505	0.96409	-0.96409	-0.96519	0.96519	-1.0024	1.0024	1.0179	-1.0179	-1.0379	1.0379	1.0874	-1.0874	-1.1429	1.1429	-1.1478	1.1478	1.2138	-1.2138	1.26	-1.26	-1.4177	1.4177	1.4624	-1.4624	1.5715	-1.5715	-1.5736	1.5736	-1.5937	1.5937	1.6466	-1.6466	-1.6567	1.6567	1.6658	-1.6658	-1.6788	1.6788	-1.7063	1.7063	1.8275	-1.8275	1.8595	-1.8595	1.8629	-1.8629	-1.8836	1.8836	1.891	-1.891	1.9586	-1.9586	-1.9901	1.9901	2.0103	-2.0103	-2.0574	2.0574	-2.0689	2.0689	2.1161	-2.1161	-2.1559	2.1559	2.1756	-2.1756	-2.2231	2.2231	-2.2461	2.2461	2.2924	-2.2924	-2.3116	2.3116	-2.338	2.338	-2.3923	2.3923	2.4054	-2.4054	2.4637	-2.4637	2.4858	-2.4858	2.4948	-2.4948	-2.5147	2.5147	-2.5184	2.5184	-2.6146	2.6146	-2.6193	2.6193	-2.6286	2.6286	-2.6666	2.6666	2.6993	-2.6993	-2.715	2.715	-2.789	2.789	2.7932	-2.7932	2.8206	-2.8206	-2.8398	2.8398	-2.842	2.842	-2.9413	2.9413	-2.9502	2.9502	2.9586	-2.9586	2.9753	-2.9753	3.0043	-3.0043	3.0311	-3.0311	3.0323	-3.0323	-3.0336	3.0336	3.0348	-3.0348	-3.0375	3.0375	3.1187	-3.1187	-3.1739	3.1739	-3.1995	3.1995	3.2421	-3.2421	-3.2693	3.2693	
0	-1.02	-0.20142	0.20142	-0.2379	0.2379	0.30596	-0.30596	0.30728	-0.30728	-0.33156	0.33156	0.39987	-0.39987	0.45429	-0.45429	-0.48889	0.48889	0.51605	-0.51605	-0.53248	0.53248	0.5997	-0.5997	0.6459	-0.6459	0.6481	-0.6481	0.68664	-0.68664	-0.72612	0.72612	-0.73083	0.73083	0.73782	-0.73782	0.80362	-0.80362	-0.83851	0.83851	-0.96234	0.96234	0.9652	-0.9652	1.0008	-1.0008	-1.0201	1.0201	-1.0378	1.0378	1.0884	-1.0884	-1.143	1.143	-1.1479	1.1479	-1.213	1.213	-1.2601	1.2601	-1.4177	1.4177	1.4615	-1.4615	1.5712	-1.5712	1.5736	-1.5736	-1.5938	1.5938	-1.6472	1.6472	1.657	-1.657	1.6653	-1.6653	1.6825	-1.6825	1.7034	-1.7034	-1.8275	1.8275	1.8597	-1.8597	-1.8632	1.8632	-1.8837	1.8837	1.8906	-1.8906	-1.9592	1.9592	-1.9898	1.9898	-2.0122	2.0122	2.0574	-2.0574	2.0689	-2.0689	2.116	-2.116	2.1556	-2.1556	-2.1755	2.1755	2.2231	-2.2231	-2.2457	2.2457	-2.2922	2.2922	2.3105	-2.3105	2.338	-2.338	2.3911	-2.3911	-2.4054	2.4054	-2.4632	2.4632	2.4854	-2.4854	-2.4949	2.4949	2.5146	-2.5146	2.5183	-2.5183	2.6161	-2.6161	-2.6209	2.6209	2.6286	-2.6286	-2.6666	2.6666	2.6996	-2.6996	-2.7152	2.7152	-2.7891	2.7891	-2.7932	2.7932	-2.8208	2.8208	2.8398	-2.8398	-2.8423	2.8423	-2.9405	2.9405	2.9503	-2.9503	-2.9586	2.9586	-2.9747	2.9747	3.0045	-3.0045	3.0302	-3.0302	-3.0323	3.0323	-3.0336	3.0336	-3.0347	3.0347	-3.038	3.038	3.1186	-3.1186	3.1737	-3.1737	3.1991	-3.1991	-3.2421	3.2421	-3.2692	3.2692	
0	-1	-0.20387	0.20387	-0.22954	0.22954	0.3067	-0.3067	-0.30976	0.30976	0.32947	-0.32947	-0.39899	0.39899	0.45424	-0.45424	-0.49856	0.49856	-0.51878	0.51878	0.53624	-0.53624	0.60016	-0.60016	-0.63648	0.63648	-0.64968	0.64968	0.68621	-0.68621	0.72327	-0.72327	-0.72465	0.72465	0.73832	-0.73832	0.80351	-0.80351	0.84256	-0.84256	-0.96311	0.96311	0.9652	-0.9652	0.9996	-0.9996	-1.0233	1.0233	-1.0376	1.0376	1.0893	-1.0893	-1.143	1.143	-1.148	1.148	1.213	-1.213	1.2601	-1.2601	-1.4177	1.4177	-1.4603	1.4603	-1.5708	1.5708	-1.5736	1.5736	-1.5939	1.5939	1.6475	-1.6475	-1.6573	1.6573	-1.665	1.665	-1.6848	1.6848	1.7015	-1.7015	1.8273	-1.8273	1.8598	-1.8598	-1.8634	1.8634	1.8837	-1.8837	1.8906	-1.8906	-1.9597	1.9597	-1.9895	1.9895	-2.0139	2.0139	2.0574	-2.0574	2.0689	-2.0689	2.1159	-2.1159	2.1553	-2.1553	2.1755	-2.1755	2.2232	-2.2232	-2.2453	2.2453	2.292	-2.292	2.3092	-2.3092	-2.338	2.338	2.3898	-2.3898	-2.4054	2.4054	2.4627	-2.4627	2.4849	-2.4849	-2.495	2.495	2.5146	-2.5146	2.5183	-2.5183	2.6167	-2.6167	2.6233	-2.6233	2.6286	-2.6286	-2.6666	2.6666	2.6997	-2.6997	-2.7153	2.7153	2.7892	-2.7892	-2.7932	2.7932	-2.8208	2.8208	-2.8398	2.8398	-2.8424	2.8424	-2.9395	2.9395	-2.9503	2.9503	-2.9585	2.9585	2.9742	-2.9742	-3.0048	3.0048	3.0289	-3.0289	-3.0323	3.0323	-3.0334	3.0334	3.0346	-3.0346	3.0388	-3.0388	3.1186	-3.1186	-3.1734	3.1734	3.1989	-3.1989	3.2421	-3.2421	3.2692	-3.2692	
0	-0.98	-0.2035	0.2035	0.21954	-0.21954	0.30775	-0.30775	-0.31005	0.31005	-0.32911	0.32911	-0.39673	0.39673	-0.45408	0.45408	-0.51004	0.51004	-0.5203	0.5203	0.5377	-0.5377	-0.5977	0.5977	-0.6275	0.6275	-0.64899	0.64899	0.68603	-0.68603	0.72214	-0.72214	0.72397	-0.72397	0.73866	-0.73866	-0.80351	0.80351	0.84704	-0.84704	-0.96518	0.96518	-0.9665	0.9665	0.99877	-0.99877	-1.0273	1.0273	1.0376	-1.0376	1.0902	-1.0902	-1.1428	1.1428	-1.1479	1.1479	1.2137	-1.2137	-1.2601	1.2601	1.4177	-1.4177	1.4586	-1.4586	1.5703	-1.5703	1.5736	-1.5736	-1.594	1.594	1.6475	-1.6475	1.6576	-1.6576	1.6651	-1.6651	-1.6846	1.6846	1.7015	-1.7015	-1.8271	1.8271	-1.8599	1.8599	-1.8636	1.8636	1.8837	-1.8837	1.8908	-1.8908	-1.9599	1.9599	1.9893	-1.9893	2.0154	-2.0154	-2.0574	2.0574	2.069	-2.069	2.1158	-2.1158	-2.1549	2.1549	2.1755	-2.1755	2.2232	-2.2232	-2.2447	2.2447	-2.2919	2.2919	-2.308	2.308	2.338	-2.338	-2.3884	2.3884	-2.4054	2.4054	2.4622	-2.4622	2.4842	-2.4842	2.4949	-2.4949	2.5146	-2.5146	2.5184	-2.5184	-2.6169	2.6169	2.6258	-2.6258	2.6286	-2.6286	-2.6666	2.6666	2.6995	-2.6995	2.7153	-2.7153	2.7892	-2.7892	2.7932	-2.7932	2.8207	-2.8207	-2.8399	2.8399	2.8425	-2.8425	2.9381	-2.9381	2.9503	-2.9503	-2.9585	2.9585	-2.9736	2.9736	3.0051	-3.0051	3.0275	-3.0275	-3.0322	3.0322	3.0333	-3.0333	-3.0344	3.0344	-3.0397	3.0397	3.1186	-3.1186	-3.1732	3.1732	-3.1986	3.1986	-3.2421	3.2421	3.2692	-3.2692	
0	-0.96	0.20056	-0.20056	0.20836	-0.20836	-0.30798	0.30798	-0.30872	0.30872	-0.33064	0.33064	-0.39311	0.39311	0.45381	-0.45381	-0.52061	0.52061	-0.52388	0.52388	0.53556	-0.53556	-0.59241	0.59241	0.62058	-0.62058	-0.64491	0.64491	0.68624	-0.68624	0.72352	-0.72352	0.72806	-0.72806	-0.73879	0.73879	0.80362	-0.80362	-0.85179	0.85179	0.96513	-0.96513	0.97242	-0.97242	-0.99832	0.99832	-1.0321	1.0321	-1.0375	1.0375	1.091	-1.091	1.1425	-1.1425	1.1479	-1.1479	-1.2152	1.2152	-1.2601	1.2601	1.4177	-1.4177	-1.4566	1.4566	1.5698	-1.5698	-1.5735	1.5735	1.5941	-1.5941	1.6471	-1.6471	-1.6578	1.6578	-1.6654	1.6654	-1.6821	1.6821	1.7036	-1.7036	1.8268	-1.8268	1.86	-1.86	1.8637	-1.8637	1.8837	-1.8837	-1.8914	1.8914	1.9599	-1.9599	-1.9891	1.9891	2.0167	-2.0167	2.0574	-2.0574	2.069	-2.069	2.1157	-2.1157	-2.1543	2.1543	-2.1756	2.1756	-2.2232	2.2232	2.244	-2.244	2.2917	-2.2917	2.3066	-2.3066	2.338	-2.338	2.3869	-2.3869	-2.4054	2.4054	-2.4617	2.4617	-2.4833	2.4833	2.4948	-2.4948	-2.5147	2.5147	-2.5185	2.5185	2.617	-2.617	-2.6283	2.6283	2.6285	-2.6285	2.6666	-2.6666	-2.6991	2.6991	-2.7153	2.7153	-2.7892	2.7892	2.7932	-2.7932	2.8204	-2.8204	-2.8399	2.8399	2.8425	-2.8425	-2.9366	2.9366	-2.9503	2.9503	2.9585	-2.9585	2.973	-2.973	-3.0054	3.0054	-3.026	3.026	-3.032	3.032	3.0331	-3.0331	-3.0343	3.0343	-3.0408	3.0408	-3.1186	3.1186	3.1729	-3.1729	-3.1984	3.1984	3.2421	-3.2421	-3.2693	3.2693	
0	-0.94	-0.19548	0.19548	0.19646	-0.19646	-0.30431	0.30431	-0.30908	0.30908	0.33329	-0.33329	0.38813	-0.38813	0.45343	-0.45343	-0.5222	0.5222	-0.52968	0.52968	0.53761	-0.53761	0.58456	-0.58456	0.61598	-0.61598	0.63827	-0.63827	-0.68673	0.68673	0.72869	-0.72869	-0.73467	0.73467	0.73873	-0.73873	0.80382	-0.80382	0.85661	-0.85661	-0.96507	0.96507	0.98067	-0.98067	0.99818	-0.99818	1.0372	-1.0372	-1.0381	1.0381	-1.0917	1.0917	-1.1419	1.1419	-1.1478	1.1478	-1.2176	1.2176	-1.26	1.26	1.4177	-1.4177	-1.4541	1.4541	-1.5693	1.5693	1.5734	-1.5734	1.5942	-1.5942	-1.6464	1.6464	1.658	-1.658	1.666	-1.666	-1.6783	1.6783	-1.7066	1.7066	1.8264	-1.8264	1.8601	-1.8601	-1.8638	1.8638	1.8836	-1.8836	-1.8922	1.8922	-1.9596	1.9596	1.9889	-1.9889	2.0177	-2.0177	2.0575	-2.0575	-2.0691	2.0691	2.1155	-2.1155	2.1537	-2.1537	2.1759	-2.1759	2.2233	-2.2233	2.2431	-2.2431	2.2915	-2.2915	2.3052	-2.3052	-2.3379	2.3379	2.3853	-2.3853	-2.4054	2.4054	-2.4612	2.4612	-2.4823	2.4823	-2.4946	2.4946	2.5148	-2.5148	2.5186	-2.5186	2.617	-2.617	-2.6284	2.6284	-2.6307	2.6307	2.6666	-2.6666	2.6985	-2.6985	2.7153	-2.7153	2.7892	-2.7892	2.7932	-2.7932	-2.82	2.82	2.8399	-2.8399	-2.8423	2.8423	-2.9348	2.9348	2.9503	-2.9503	2.9586	-2.9586	2.9724	-2.9724	-3.0057	3.0057	3.0244	-3.0244	-3.0317	3.0317	3.0329	-3.0329	3.0342	-3.0342	3.0419	-3.0419	3.1186	-3.1186	-3.1726	3.1726	-3.1983	3.1983	-3.2421	3.2421	3.2695	-3.2695	
0	-0.92	-0.18421	0.18421	0.18874	-0.18874	-0.29975	0.29975	-0.30835	0.30835	-0.33638	0.33638	-0.38179	0.38179	-0.45293	0.45293	0.52057	-0.52057	0.52347	-0.52347	-0.55271	0.55271	-0.57449	0.57449	-0.61388	0.61388	0.62999	-0.62999	0.68726	-0.68726	-0.73724	0.73724	0.73825	-0.73825	0.74312	-0.74312	-0.80412	0.80412	-0.8613	0.8613	0.96498	-0.96498	-0.99097	0.99097	0.99827	-0.99827	1.0374	-1.0374	1.0447	-1.0447	1.0923	-1.0923	-1.1412	1.1412	1.1477	-1.1477	1.2209	-1.2209	-1.2599	1.2599	1.4178	-1.4178	1.4513	-1.4513	1.5687	-1.5687	-1.5733	1.5733	1.5943	-1.5943	-1.6455	1.6455	1.658	-1.658	-1.6667	1.6667	1.6738	-1.6738	-1.7098	1.7098	-1.8259	1.8259	1.8601	-1.8601	-1.8639	1.8639	-1.8836	1.8836	-1.8932	1.8932	1.9592	-1.9592	-1.9887	1.9887	-2.0185	2.0185	-2.0575	2.0575	2.0691	-2.0691	-2.1154	2.1154	2.1529	-2.1529	2.1762	-2.1762	2.2234	-2.2234	-2.2421	2.2421	-2.2914	2.2914	2.3037	-2.3037	2.3378	-2.3378	-2.3836	2.3836	2.4054	-2.4054	-2.4607	2.4607	2.481	-2.481	2.4943	-2.4943	-2.5149	2.5149	2.5187	-2.5187	-2.6169	2.6169	-2.6283	2.6283	2.6329	-2.6329	-2.6666	2.6666	2.6976	-2.6976	-2.7153	2.7153	-2.7891	2.7891	-2.7932	2.7932	-2.8194	2.8194	-2.84	2.84	2.8421	-2.8421	2.9327	-2.9327	2.9502	-2.9502	2.9587	-2.9587	2.9718	-2.9718	-3.0061	3.0061	-3.0228	3.0228	-3.0311	3.0311	3.0329	-3.0329	-3.0342	3.0342	-3.0431	3.0431	3.1186	-3.1186	3.1724	-3.1724	3.1981	-3.1981	3.242	-3.242	3.2697	-3.2697	
0	-0.9	0.17198	-0.17198	-0.18081	0.18081	-0.29462	0.29462	-0.3062	0.3062	0.33956	-0.33956	0.37415	-0.37415	0.45227	-0.45227	0.50907	-0.50907	-0.52482	0.52482	0.56255	-0.56255	0.56855	-0.56855	-0.61434	0.61434	0.6207	-0.6207	0.6877	-0.6877	0.7377	-0.7377	0.74852	-0.74852	-0.75242	0.75242	0.80453	-0.80453	-0.86567	0.86567	0.96487	-0.96487	0.99848	-0.99848	-1.003	1.003	1.0374	-1.0374	1.0524	-1.0524	-1.0927	1.0927	-1.1403	1.1403	1.1477	-1.1477	-1.2251	1.2251	-1.2597	1.2597	-1.4178	1.4178	-1.4482	1.4482	1.568	-1.568	-1.5731	1.5731	-1.5944	1.5944	1.6444	-1.6444	1.6578	-1.6578	1.6676	-1.6676	1.6692	-1.6692	1.7131	-1.7131	1.8254	-1.8254	1.8601	-1.8601	-1.8639	1.8639	1.8835	-1.8835	-1.8946	1.8946	-1.9585	1.9585	-1.9885	1.9885	-2.0191	2.0191	2.0576	-2.0576	-2.0691	2.0691	2.1152	-2.1152	-2.1521	2.1521	2.1766	-2.1766	-2.2235	2.2235	2.241	-2.241	2.2912	-2.2912	2.3022	-2.3022	-2.3377	2.3377	-2.3818	2.3818	-2.4054	2.4054	-2.4602	2.4602	2.4796	-2.4796	-2.4939	2.4939	2.5151	-2.5151	-2.5189	2.5189	-2.6167	2.6167	2.6281	-2.6281	-2.635	2.635	2.6666	-2.6666	2.6965	-2.6965	2.7152	-2.7152	2.789	-2.789	2.7932	-2.7932	-2.8187	2.8187	2.84	-2.84	-2.8418	2.8418	-2.9304	2.9304	-2.9501	2.9501	2.9588	-2.9588	-2.9712	2.9712	-3.0065	3.0065	3.0211	-3.0211	3.0305	-3.0305	-3.0328	3.0328	3.0341	-3.0341	3.0443	-3.0443	3.1186	-3.1186	-3.1721	3.1721	3.198	-3.198	-3.242	3.242	-3.2699	3.2699	
0	-0.88	0.16011	-0.16011	0.17209	-0.17209	-0.2891	0.2891	0.30249	-0.30249	-0.34266	0.34266	0.36529	-0.36529	-0.45138	0.45138	0.49588	-0.49588	-0.52634	0.52634	0.54903	-0.54903	0.58493	-0.58493	0.6106	-0.6106	-0.61752	0.61752	-0.68802	0.68802	0.73687	-0.73687	0.76184	-0.76184	0.76241	-0.76241	-0.80504	0.80504	-0.86955	0.86955	-0.96474	0.96474	-0.99871	0.99871	1.0165	-1.0165	1.0375	-1.0375	1.0612	-1.0612	1.0929	-1.0929	-1.139	1.139	-1.1477	1.1477	-1.2303	1.2303	1.2596	-1.2596	1.4178	-1.4178	-1.4447	1.4447	1.5673	-1.5673	1.5729	-1.5729	-1.5946	1.5946	-1.6431	1.6431	1.6566	-1.6566	-1.6652	1.6652	1.6687	-1.6687	1.7163	-1.7163	1.8248	-1.8248	-1.86	1.86	-1.8639	1.8639	1.8834	-1.8834	1.8961	-1.8961	-1.9576	1.9576	-1.9883	1.9883	-2.0195	2.0195	-2.0576	2.0576	-2.0692	2.0692	2.1151	-2.1151	2.1511	-2.1511	2.1771	-2.1771	-2.2236	2.2236	2.2397	-2.2397	2.2911	-2.2911	2.3006	-2.3006	-2.3375	2.3375	2.3798	-2.3798	-2.4054	2.4054	-2.4597	2.4597	-2.478	2.478	-2.4935	2.4935	2.5153	-2.5153	-2.5191	2.5191	-2.6166	2.6166	-2.6279	2.6279	2.6369	-2.6369	2.6666	-2.6666	2.6951	-2.6951	-2.7151	2.7151	-2.7889	2.7889	2.7933	-2.7933	-2.8179	2.8179	2.84	-2.84	-2.8414	2.8414	2.928	-2.928	-2.95	2.95	2.9589	-2.9589	-2.9706	2.9706	-3.0069	3.0069	3.0195	-3.0195	3.0298	-3.0298	-3.0328	3.0328	-3.0341	3.0341	-3.0455	3.0455	-3.1186	3.1186	-3.1718	3.1718	3.1979	-3.1979	3.242	-3.242	3.2703	-3.2703	
0	-0.86	0.14893	-0.14893	-0.16294	0.16294	-0.28325	0.28325	-0.29733	0.29733	-0.34562	0.34562	0.35531	-0.35531	0.45003	-0.45003	0.48181	-0.48181	-0.52802	0.52802	0.53422	-0.53422	0.60023	-0.60023	-0.60171	0.60171	-0.62297	0.62297	0.68824	-0.68824	0.7358	-0.7358	0.77282	-0.77282	0.7766	-0.7766	0.80568	-0.80568	-0.87281	0.87281	-0.96458	0.96458	-0.99886	0.99886	-1.0309	1.0309	1.0379	-1.0379	-1.071	1.071	-1.0928	1.0928	-1.1376	1.1376	1.1478	-1.1478	-1.2367	1.2367	1.2594	-1.2594	-1.4179	1.4179	1.4409	-1.4409	1.5666	-1.5666	-1.5727	1.5727	-1.5947	1.5947	-1.6417	1.6417	1.6534	-1.6534	1.6628	-1.6628	-1.6697	1.6697	1.7194	-1.7194	1.8241	-1.8241	1.86	-1.86	1.8638	-1.8638	-1.8833	1.8833	-1.8978	1.8978	-1.9565	1.9565	-1.9881	1.9881	-2.0197	2.0197	2.0577	-2.0577	2.0692	-2.0692	2.1149	-2.1149	-2.1501	2.1501	2.1777	-2.1777	-2.2237	2.2237	2.2384	-2.2384	2.2909	-2.2909	-2.299	2.299	2.3373	-2.3373	2.3778	-2.3778	2.4054	-2.4054	-2.4592	2.4592	-2.4761	2.4761	2.4929	-2.4929	-2.5155	2.5155	2.5194	-2.5194	2.6164	-2.6164	2.6276	-2.6276	-2.6387	2.6387	2.6666	-2.6666	-2.6935	2.6935	-2.715	2.715	-2.7887	2.7887	2.7933	-2.7933	-2.8169	2.8169	2.8398	-2.8398	-2.841	2.841	-2.9253	2.9253	-2.9499	2.9499	2.9591	-2.9591	2.97	-2.97	-3.0073	3.0073	-3.0178	3.0178	3.0289	-3.0289	3.0329	-3.0329	-3.0341	3.0341	3.0467	-3.0467	3.1185	-3.1185	3.1716	-3.1716	3.1979	-3.1979	3.2419	-3.2419	3.2706	-3.2706	
0	-0.84	0.13876	-0.13876	-0.15364	0.15364	0.27713	-0.27713	-0.29094	0.29094	-0.34423	0.34423	0.34845	-0.34845	-0.44733	0.44733	-0.46818	0.46818	0.51836	-0.51836	0.52985	-0.52985	-0.58955	0.58955	0.61875	-0.61875	0.63063	-0.63063	0.6884	-0.6884	0.73451	-0.73451	-0.78352	0.78352	-0.79226	0.79226	0.80657	-0.80657	0.87538	-0.87538	-0.96441	0.96441	-0.99885	0.99885	1.0371	-1.0371	1.0475	-1.0475	1.0818	-1.0818	1.0924	-1.0924	1.1358	-1.1358	1.1479	-1.1479	-1.2441	1.2441	-1.2591	1.2591	-1.4179	1.4179	-1.4368	1.4368	-1.5657	1.5657	-1.5724	1.5724	-1.5949	1.5949	-1.6403	1.6403	-1.6484	1.6484	-1.6619	1.6619	1.6709	-1.6709	-1.7224	1.7224	-1.8234	1.8234	1.8599	-1.8599	-1.8636	1.8636	-1.8831	1.8831	1.8997	-1.8997	-1.9552	1.9552	1.9879	-1.9879	2.0196	-2.0196	2.0578	-2.0578	2.0693	-2.0693	2.1147	-2.1147	2.149	-2.149	-2.1784	2.1784	-2.2238	2.2238	2.2368	-2.2368	-2.2908	2.2908	-2.2974	2.2974	-2.3372	2.3372	2.3757	-2.3757	2.4054	-2.4054	-2.4587	2.4587	-2.4741	2.4741	-2.4923	2.4923	2.5158	-2.5158	-2.5197	2.5197	2.6161	-2.6161	-2.6273	2.6273	-2.6403	2.6403	2.6666	-2.6666	-2.6916	2.6916	2.7148	-2.7148	-2.7885	2.7885	2.7934	-2.7934	2.8158	-2.8158	2.8394	-2.8394	2.8409	-2.8409	2.9225	-2.9225	2.9497	-2.9497	2.9593	-2.9593	-2.9693	2.9693	3.0077	-3.0077	-3.0162	3.0162	3.028	-3.028	3.0329	-3.0329	-3.034	3.034	3.0478	-3.0478	-3.1185	3.1185	-3.1713	3.1713	-3.1978	3.1978	3.2418	-3.2418	-3.2711	3.2711	
0	-0.82	0.12994	-0.12994	-0.14443	0.14443	-0.27076	0.27076	-0.28374	0.28374	-0.33237	0.33237	-0.35089	0.35089	-0.44021	0.44021	0.45837	-0.45837	0.50167	-0.50167	-0.53182	0.53182	0.57867	-0.57867	-0.63594	0.63594	-0.64014	0.64014	-0.68852	0.68852	0.73304	-0.73304	-0.79442	0.79442	-0.80534	0.80534	-0.8109	0.8109	0.8772	-0.8772	-0.96421	0.96421	-0.99862	0.99862	1.0374	-1.0374	-1.0638	1.0638	-1.0917	1.0917	-1.0936	1.0936	-1.1338	1.1338	-1.1481	1.1481	-1.2526	1.2526	-1.2588	1.2588	-1.418	1.418	1.4324	-1.4324	1.5648	-1.5648	-1.5721	1.5721	-1.5951	1.5951	1.6387	-1.6387	-1.6426	1.6426	-1.6617	1.6617	-1.672	1.672	1.7251	-1.7251	1.8227	-1.8227	-1.8598	1.8598	-1.8634	1.8634	-1.8829	1.8829	-1.9018	1.9018	1.9537	-1.9537	1.9876	-1.9876	-2.0194	2.0194	-2.0579	2.0579	-2.0693	2.0693	2.1145	-2.1145	-2.1478	2.1478	-2.1792	2.1792	-2.2239	2.2239	-2.2352	2.2352	2.2906	-2.2906	2.2959	-2.2959	2.3369	-2.3369	2.3735	-2.3735	2.4054	-2.4054	2.4582	-2.4582	2.4718	-2.4718	-2.4917	2.4917	2.5161	-2.5161	2.52	-2.52	-2.6158	2.6158	2.627	-2.627	-2.6418	2.6418	2.6667	-2.6667	-2.6894	2.6894	-2.7147	2.7147	-2.7883	2.7883	-2.7934	2.7934	2.8146	-2.8146	2.8388	-2.8388	-2.8409	2.8409	2.9195	-2.9195	-2.9496	2.9496	2.9595	-2.9595	2.9686	-2.9686	3.0079	-3.0079	-3.0147	3.0147	3.027	-3.027	-3.0329	3.0329	3.034	-3.034	-3.049	3.049	3.1185	-3.1185	3.171	-3.171	-3.1978	3.1978	-3.2418	3.2418	-3.2716	3.2716	
0	-0.8	-0.12278	0.12278	0.13548	-0.13548	0.26417	-0.26417	0.27617	-0.27617	0.31973	-0.31973	-0.353	0.353	-0.42713	0.42713	0.45424	-0.45424	0.48433	-0.48433	-0.53391	0.53391	-0.56764	0.56764	-0.65117	0.65117	0.65319	-0.65319	0.6886	-0.6886	0.73142	-0.73142	0.80546	-0.80546	0.8074	-0.8074	-0.82688	0.82688	0.87826	-0.87826	0.96398	-0.96398	-0.99813	0.99813	1.0376	-1.0376	-1.0809	1.0809	-1.0906	1.0906	-1.1063	1.1063	1.1316	-1.1316	1.1484	-1.1484	1.2585	-1.2585	-1.2622	1.2622	1.4181	-1.4181	-1.4278	1.4278	1.5639	-1.5639	1.5718	-1.5718	-1.5953	1.5953	-1.6362	1.6362	-1.6371	1.6371	1.6616	-1.6616	1.6732	-1.6732	1.7278	-1.7278	1.8221	-1.8221	-1.8596	1.8596	1.8631	-1.8631	1.8827	-1.8827	-1.904	1.904	1.9519	-1.9519	-1.9873	1.9873	-2.019	2.019	2.058	-2.058	-2.0693	2.0693	2.1143	-2.1143	2.1464	-2.1464	2.18	-2.18	-2.2241	2.2241	-2.2334	2.2334	-2.2904	2.2904	-2.2944	2.2944	-2.3367	2.3367	2.3712	-2.3712	-2.4053	2.4053	2.4577	-2.4577	2.4694	-2.4694	2.4909	-2.4909	-2.5164	2.5164	2.5204	-2.5204	-2.6155	2.6155	-2.6266	2.6266	2.643	-2.643	2.6667	-2.6667	-2.687	2.687	2.7146	-2.7146	-2.788	2.788	2.7935	-2.7935	2.8133	-2.8133	2.8379	-2.8379	2.841	-2.841	-2.9164	2.9164	2.9494	-2.9494	2.9597	-2.9597	-2.968	2.968	-3.008	3.008	3.0135	-3.0135	-3.026	3.026	-3.033	3.033	-3.034	3.034	-3.0502	3.0502	3.1185	-3.1185	3.1708	-3.1708	3.1978	-3.1978	-3.2417	3.2417	3.2721	-3.2721	
0	-0.78	0.11754	-0.11754	0.12683	-0.12683	-0.25736	0.25736	-0.26881	0.26881	0.30647	-0.30647	0.35453	-0.35453	-0.41181	0.41181	-0.45242	0.45242	0.46649	-0.46649	-0.5361	0.5361	-0.55652	0.55652	-0.66329	0.66329	-0.6704	0.6704	-0.68866	0.68866	-0.72979	0.72979	-0.80847	0.80847	0.8166	-0.8166	0.84432	-0.84432	-0.87859	0.87859	-0.96374	0.96374	-0.99737	0.99737	-1.0377	1.0377	1.0892	-1.0892	1.0985	-1.0985	-1.1197	1.1197	1.1291	-1.1291	1.1487	-1.1487	1.2582	-1.2582	1.2728	-1.2728	1.4182	-1.4182	-1.423	1.423	1.5629	-1.5629	-1.5714	1.5714	1.5954	-1.5954	-1.6296	1.6296	-1.6355	1.6355	1.6617	-1.6617	-1.6744	1.6744	-1.7302	1.7302	-1.8214	1.8214	-1.8594	1.8594	1.8628	-1.8628	1.8825	-1.8825	-1.9063	1.9063	1.9499	-1.9499	-1.9868	1.9868	2.0185	-2.0185	-2.0582	2.0582	-2.0694	2.0694	2.1141	-2.1141	-2.145	2.145	-2.181	2.181	-2.2242	2.2242	-2.2315	2.2315	2.29	-2.29	2.293	-2.293	-2.3365	2.3365	2.3688	-2.3688	2.4053	-2.4053	-2.4573	2.4573	2.4668	-2.4668	-2.4901	2.4901	-2.5168	2.5168	-2.5208	2.5208	2.6152	-2.6152	2.6262	-2.6262	2.6442	-2.6442	2.6667	-2.6667	-2.6844	2.6844	-2.7144	2.7144	2.7877	-2.7877	-2.7936	2.7936	2.8119	-2.8119	-2.837	2.837	2.8411	-2.8411	2.9132	-2.9132	2.9492	-2.9492	-2.96	2.96	-2.9672	2.9672	3.0076	-3.0076	-3.0127	3.0127	-3.0248	3.0248	3.033	-3.033	3.0339	-3.0339	3.0513	-3.0513	-3.1184	3.1184	3.1705	-3.1705	3.1979	-3.1979	3.2416	-3.2416	-3.2727	3.2727	
0	-0.76	0.1144	-0.1144	0.1184	-0.1184	-0.25035	0.25035	-0.26222	0.26222	0.29278	-0.29278	-0.35492	0.35492	0.39656	-0.39656	0.44826	-0.44826	-0.45127	0.45127	-0.53838	0.53838	0.54531	-0.54531	-0.67602	0.67602	-0.68742	0.68742	-0.68876	0.68876	0.7284	-0.7284	-0.80954	0.80954	0.82782	-0.82782	0.86212	-0.86212	0.8782	-0.8782	-0.96347	0.96347	0.99636	-0.99636	1.0379	-1.0379	1.0875	-1.0875	1.1165	-1.1165	1.1263	-1.1263	1.1338	-1.1338	-1.1491	1.1491	-1.2578	1.2578	-1.2843	1.2843	1.418	-1.418	-1.4182	1.4182	1.5618	-1.5618	1.571	-1.571	1.5956	-1.5956	-1.6227	1.6227	-1.6338	1.6338	1.6617	-1.6617	1.6755	-1.6755	-1.7325	1.7325	-1.8207	1.8207	1.8592	-1.8592	1.8625	-1.8625	-1.8823	1.8823	-1.9087	1.9087	1.9478	-1.9478	-1.9862	1.9862	-2.0178	2.0178	2.0583	-2.0583	2.0694	-2.0694	-2.1139	2.1139	2.1436	-2.1436	-2.182	2.182	-2.2244	2.2244	-2.2294	2.2294	2.2893	-2.2893	2.292	-2.292	-2.3362	2.3362	-2.3662	2.3662	2.4053	-2.4053	2.4568	-2.4568	-2.4639	2.4639	2.4892	-2.4892	-2.5172	2.5172	2.5212	-2.5212	2.6148	-2.6148	-2.6258	2.6258	-2.6451	2.6451	2.6667	-2.6667	2.6815	-2.6815	-2.7143	2.7143	2.7874	-2.7874	2.7937	-2.7937	-2.8103	2.8103	2.8359	-2.8359	-2.8413	2.8413	-2.9099	2.9099	2.949	-2.949	2.9602	-2.9602	-2.9665	2.9665	-3.0067	3.0067	-3.0125	3.0125	3.0237	-3.0237	3.0331	-3.0331	3.0339	-3.0339	3.0525	-3.0525	3.1184	-3.1184	-3.1703	3.1703	3.1979	-3.1979	3.2416	-3.2416	3.2733	-3.2733	
0	-0.74	0.10995	-0.10995	0.11338	-0.11338	0.24315	-0.24315	-0.25701	0.25701	-0.27886	0.27886	0.35255	-0.35255	-0.38351	0.38351	0.42977	-0.42977	-0.45037	0.45037	0.53405	-0.53405	-0.54073	0.54073	0.68844	-0.68844	0.68873	-0.68873	-0.70431	0.70431	0.72793	-0.72793	-0.81066	0.81066	-0.8391	0.8391	0.87715	-0.87715	0.88014	-0.88014	0.96318	-0.96318	-0.99512	0.99512	-1.0381	1.0381	-1.0853	1.0853	-1.1234	1.1234	-1.1347	1.1347	1.1484	-1.1484	-1.1495	1.1495	1.2574	-1.2574	-1.2968	1.2968	-1.4129	1.4129	1.4183	-1.4183	1.5606	-1.5606	1.5705	-1.5705	1.5958	-1.5958	-1.6156	1.6156	-1.6321	1.6321	-1.6617	1.6617	1.6767	-1.6767	-1.7347	1.7347	1.82	-1.82	-1.8589	1.8589	-1.8621	1.8621	-1.882	1.882	-1.9112	1.9112	1.9454	-1.9454	1.9855	-1.9855	-2.0171	2.0171	2.0584	-2.0584	-2.0694	2.0694	-2.1137	2.1137	-2.142	2.142	-2.1831	2.1831	2.2245	-2.2245	2.2272	-2.2272	2.2882	-2.2882	-2.2914	2.2914	2.3359	-2.3359	2.3636	-2.3636	-2.4053	2.4053	2.4564	-2.4564	-2.4609	2.4609	-2.4883	2.4883	2.5176	-2.5176	2.5217	-2.5217	-2.6144	2.6144	-2.6253	2.6253	-2.646	2.646	2.6667	-2.6667	2.6784	-2.6784	2.7141	-2.7141	-2.7871	2.7871	2.7938	-2.7938	2.8087	-2.8087	-2.8348	2.8348	2.8414	-2.8414	2.9065	-2.9065	2.9488	-2.9488	2.9605	-2.9605	2.9658	-2.9658	-3.0053	3.0053	-3.0128	3.0128	3.0225	-3.0225	3.0331	-3.0331	3.0339	-3.0339	-3.0536	3.0536	3.1184	-3.1184	-3.17	3.17	3.198	-3.198	3.2415	-3.2415	3.274	-3.274	
0	-0.72	0.10115	-0.10115	-0.11433	0.11433	0.23577	-0.23577	-0.2537	0.2537	-0.26499	0.26499	0.34445	-0.34445	0.37584	-0.37584	0.41112	-0.41112	0.44961	-0.44961	-0.52275	0.52275	-0.54312	0.54312	-0.68876	0.68876	-0.69859	0.69859	0.72078	-0.72078	-0.73016	0.73016	0.81185	-0.81185	0.85041	-0.85041	-0.87548	0.87548	0.8983	-0.8983	-0.96287	0.96287	0.99373	-0.99373	1.0383	-1.0383	-1.0829	1.0829	-1.1202	1.1202	1.1499	-1.1499	1.153	-1.153	1.1635	-1.1635	-1.257	1.257	1.3101	-1.3101	1.4077	-1.4077	1.4184	-1.4184	-1.5594	1.5594	1.57	-1.57	1.596	-1.596	-1.6084	1.6084	-1.6303	1.6303	-1.6616	1.6616	-1.6778	1.6778	-1.7367	1.7367	1.8193	-1.8193	1.8585	-1.8585	1.8617	-1.8617	1.8817	-1.8817	1.9137	-1.9137	1.9427	-1.9427	-1.9845	1.9845	2.0163	-2.0163	-2.0586	2.0586	-2.0695	2.0695	-2.1135	2.1135	-2.1404	2.1404	2.1843	-2.1843	-2.2247	2.2247	-2.2249	2.2249	-2.2868	2.2868	-2.2911	2.2911	2.3356	-2.3356	2.3608	-2.3608	-2.4052	2.4052	-2.4561	2.4561	-2.4577	2.4577	2.4873	-2.4873	-2.5181	2.5181	2.5222	-2.5222	-2.614	2.614	2.6249	-2.6249	2.6466	-2.6466	-2.6667	2.6667	-2.675	2.675	2.714	-2.714	-2.7867	2.7867	2.7939	-2.7939	-2.807	2.807	2.8336	-2.8336	-2.8416	2.8416	-2.903	2.903	-2.9486	2.9486	2.9608	-2.9608	2.965	-2.965	3.0037	-3.0037	-3.0133	3.0133	-3.0212	3.0212	3.0332	-3.0332	3.0339	-3.0339	-3.0547	3.0547	3.1184	-3.1184	3.1698	-3.1698	3.1981	-3.1981	-3.2414	3.2414	3.2747	-3.2747	
0	-0.7	-0.091631	0.091631	0.11679	-0.11679	-0.22822	0.22822	-0.25154	0.25154	0.2527	-0.2527	-0.33084	0.33084	-0.37345	0.37345	-0.39239	0.39239	-0.44891	0.44891	-0.51142	0.51142	0.54555	-0.54555	-0.68879	0.68879	-0.70364	0.70364	-0.73679	0.73679	-0.73778	0.73778	0.81311	-0.81311	-0.86176	0.86176	0.87322	-0.87322	-0.91653	0.91653	-0.96253	0.96253	0.99228	-0.99228	1.0386	-1.0386	1.0801	-1.0801	1.1169	-1.1169	1.1504	-1.1504	1.1714	-1.1714	1.1788	-1.1788	1.2565	-1.2565	-1.3241	1.3241	1.4025	-1.4025	1.4186	-1.4186	-1.5581	1.5581	-1.5694	1.5694	-1.5962	1.5962	-1.6009	1.6009	1.6286	-1.6286	1.6615	-1.6615	1.6789	-1.6789	-1.7386	1.7386	1.8187	-1.8187	1.8579	-1.8579	1.8613	-1.8613	-1.8813	1.8813	-1.9162	1.9162	-1.9399	1.9399	-1.9833	1.9833	-2.0156	2.0156	-2.0587	2.0587	2.0695	-2.0695	2.1133	-2.1133	2.1388	-2.1388	-2.1856	2.1856	-2.2224	2.2224	-2.2249	2.2249	2.2853	-2.2853	2.291	-2.291	2.3352	-2.3352	2.3579	-2.3579	-2.4052	2.4052	2.4543	-2.4543	2.4557	-2.4557	-2.4863	2.4863	2.5186	-2.5186	-2.5227	2.5227	-2.6136	2.6136	-2.6243	2.6243	2.6471	-2.6471	2.6667	-2.6667	2.6715	-2.6715	-2.7138	2.7138	-2.7864	2.7864	-2.794	2.794	2.8052	-2.8052	2.8322	-2.8322	2.8418	-2.8418	2.8994	-2.8994	-2.9484	2.9484	-2.9611	2.9611	2.9642	-2.9642	-3.002	3.002	-3.0139	3.0139	3.0199	-3.0199	3.0332	-3.0332	3.0338	-3.0338	3.0557	-3.0557	-3.1183	3.1183	3.1695	-3.1695	-3.1983	3.1983	-3.2413	3.2413	3.2754	-3.2754	
0	-0.68	0.081132	-0.081132	0.12002	-0.12002	-0.2205	0.2205	0.23914	-0.23914	0.25414	-0.25414	0.31474	-0.31474	-0.3734	0.3734	0.3737	-0.3737	0.44827	-0.44827	-0.50006	0.50006	-0.54801	0.54801	-0.6888	0.6888	0.7039	-0.7039	-0.75034	0.75034	0.75219	-0.75219	-0.81444	0.81444	-0.87042	0.87042	0.87312	-0.87312	0.93478	-0.93478	0.96217	-0.96217	-0.99087	0.99087	1.0389	-1.0389	-1.077	1.077	1.1133	-1.1133	-1.151	1.151	-1.1899	1.1899	-1.1943	1.1943	1.256	-1.256	-1.3387	1.3387	1.3974	-1.3974	1.4187	-1.4187	-1.5567	1.5567	-1.5688	1.5688	1.5933	-1.5933	-1.5965	1.5965	1.6268	-1.6268	1.6614	-1.6614	-1.68	1.68	-1.7403	1.7403	-1.8181	1.8181	-1.8572	1.8572	-1.861	1.861	1.8809	-1.8809	1.9188	-1.9188	1.9369	-1.9369	1.9819	-1.9819	-2.0148	2.0148	2.0589	-2.0589	2.0695	-2.0695	2.1131	-2.1131	-2.137	2.137	2.1869	-2.1869	-2.2198	2.2198	2.2251	-2.2251	2.2839	-2.2839	-2.2908	2.2908	-2.3349	2.3349	2.3548	-2.3548	2.4052	-2.4052	-2.4508	2.4508	-2.4554	2.4554	2.4852	-2.4852	-2.5191	2.5191	2.5233	-2.5233	2.6131	-2.6131	2.6238	-2.6238	2.6475	-2.6475	2.6667	-2.6667	-2.6677	2.6677	-2.7136	2.7136	2.786	-2.786	-2.7941	2.7941	2.8033	-2.8033	2.8309	-2.8309	-2.8421	2.8421	-2.8959	2.8959	2.9482	-2.9482	-2.9614	2.9614	-2.9634	2.9634	3.0002	-3.0002	3.0146	-3.0146	-3.0186	3.0186	3.0333	-3.0333	3.0338	-3.0338	-3.0567	3.0567	3.1183	-3.1183	3.1693	-3.1693	-3.1984	3.1984	-3.2412	3.2412	-3.2761	3.2761	
0	-0.66	0.06954	-0.06954	0.12286	-0.12286	-0.21262	0.21262	0.2287	-0.2287	0.25789	-0.25789	-0.29776	0.29776	-0.35518	0.35518	0.37415	-0.37415	0.44768	-0.44768	0.48869	-0.48869	-0.55047	0.55047	-0.68882	0.68882	-0.70175	0.70175	0.76535	-0.76535	0.76679	-0.76679	-0.81583	0.81583	-0.86713	0.86713	-0.8845	0.8845	-0.95299	0.95299	-0.9618	0.9618	-0.98965	0.98965	-1.0392	1.0392	1.0736	-1.0736	-1.1095	1.1095	1.1515	-1.1515	1.2082	-1.2082	-1.2097	1.2097	-1.2555	1.2555	1.3539	-1.3539	-1.3925	1.3925	1.4188	-1.4188	1.5553	-1.5553	-1.5681	1.5681	-1.5855	1.5855	-1.5967	1.5967	-1.6251	1.6251	-1.6612	1.6612	1.681	-1.681	-1.7419	1.7419	1.8175	-1.8175	1.8563	-1.8563	-1.8607	1.8607	-1.8804	1.8804	-1.9213	1.9213	1.9336	-1.9336	1.9801	-1.9801	-2.0141	2.0141	2.059	-2.059	-2.0695	2.0695	-2.1128	2.1128	-2.1353	2.1353	-2.1883	2.1883	-2.2171	2.2171	2.2252	-2.2252	2.2824	-2.2824	2.2908	-2.2908	-2.3345	2.3345	2.3517	-2.3517	-2.4052	2.4052	-2.4471	2.4471	-2.4551	2.4551	-2.4841	2.4841	-2.5196	2.5196	2.5239	-2.5239	-2.6126	2.6126	2.6232	-2.6232	-2.6477	2.6477	-2.6637	2.6637	2.6667	-2.6667	-2.7134	2.7134	-2.7855	2.7855	2.7943	-2.7943	-2.8014	2.8014	2.8294	-2.8294	2.8423	-2.8423	-2.8923	2.8923	-2.948	2.948	-2.9616	2.9616	2.9626	-2.9626	2.9985	-2.9985	-3.0153	3.0153	3.0173	-3.0173	3.0333	-3.0333	3.0338	-3.0338	3.0577	-3.0577	3.1183	-3.1183	3.1691	-3.1691	-3.1986	3.1986	3.2411	-3.2411	3.2769	-3.2769	
0	-0.64	0.056898	-0.056898	0.12372	-0.12372	0.2046	-0.2046	0.22156	-0.22156	0.26352	-0.26352	-0.28051	0.28051	0.33712	-0.33712	0.37521	-0.37521	-0.44711	0.44711	0.47732	-0.47732	-0.55292	0.55292	-0.68883	0.68883	-0.69845	0.69845	-0.78042	0.78042	-0.78146	0.78146	-0.8173	0.8173	0.86336	-0.86336	0.89589	-0.89589	0.96138	-0.96138	0.97113	-0.97113	-0.98883	0.98883	1.0396	-1.0396	-1.0699	1.0699	-1.1056	1.1056	-1.1522	1.1522	1.2246	-1.2246	1.2268	-1.2268	1.255	-1.255	-1.3695	1.3695	-1.388	1.388	-1.4189	1.4189	-1.5537	1.5537	1.5674	-1.5674	-1.5777	1.5777	1.5969	-1.5969	1.6233	-1.6233	1.6609	-1.6609	-1.6821	1.6821	1.7435	-1.7435	-1.8169	1.8169	-1.8553	1.8553	-1.8605	1.8605	1.8799	-1.8799	-1.9239	1.9239	1.9301	-1.9301	-1.9779	1.9779	-2.0136	2.0136	-2.0592	2.0592	-2.0695	2.0695	2.1126	-2.1126	-2.1335	2.1335	-2.1897	2.1897	2.2143	-2.2143	2.2254	-2.2254	2.281	-2.281	-2.2907	2.2907	2.3341	-2.3341	-2.3484	2.3484	2.4051	-2.4051	2.4433	-2.4433	-2.4549	2.4549	-2.4829	2.4829	-2.5202	2.5202	-2.5245	2.5245	-2.6121	2.6121	-2.6225	2.6225	2.6477	-2.6477	2.6596	-2.6596	-2.6667	2.6667	2.7132	-2.7132	2.7851	-2.7851	2.7944	-2.7944	-2.7994	2.7994	2.8279	-2.8279	-2.8425	2.8425	2.8887	-2.8887	2.9478	-2.9478	2.9618	-2.9618	2.9619	-2.9619	2.9967	-2.9967	3.016	-3.016	-3.0161	3.0161	3.0334	-3.0334	3.0338	-3.0338	3.0587	-3.0587	3.1182	-3.1182	-3.1688	3.1688	-3.1988	3.1988	-3.241	3.241	3.2777	-3.2777	
0	-0.62	-0.043359	0.043359	0.12103	-0.12103	-0.19643	0.19643	0.21897	-0.21897	-0.26336	0.26336	0.27002	-0.27002	-0.32022	0.32022	0.37636	-0.37636	0.44658	-0.44658	-0.46593	0.46593	-0.55536	0.55536	-0.68883	0.68883	0.69447	-0.69447	0.79282	-0.79282	-0.79811	0.79811	0.81882	-0.81882	0.85917	-0.85917	-0.90729	0.90729	0.96096	-0.96096	-0.9876	0.9876	-0.99007	0.99007	-1.04	1.04	1.066	-1.066	-1.1016	1.1016	1.1529	-1.1529	1.2392	-1.2392	1.2449	-1.2449	-1.2544	1.2544	-1.3841	1.3841	-1.3855	1.3855	1.4191	-1.4191	1.5521	-1.5521	-1.5665	1.5665	-1.5698	1.5698	1.5971	-1.5971	-1.6216	1.6216	1.6606	-1.6606	1.6831	-1.6831	1.7449	-1.7449	1.8163	-1.8163	1.8541	-1.8541	-1.8603	1.8603	1.8793	-1.8793	-1.9264	1.9264	1.9265	-1.9265	-1.9755	1.9755	-2.0131	2.0131	2.0594	-2.0594	-2.0696	2.0696	-2.1124	2.1124	-2.1317	2.1317	-2.1912	2.1912	2.2113	-2.2113	2.2256	-2.2256	2.2796	-2.2796	-2.2907	2.2907	-2.3337	2.3337	2.3449	-2.3449	-2.4051	2.4051	2.4394	-2.4394	-2.4547	2.4547	-2.4817	2.4817	2.5208	-2.5208	2.5252	-2.5252	2.6116	-2.6116	2.6219	-2.6219	2.6477	-2.6477	-2.6553	2.6553	-2.6667	2.6667	-2.713	2.713	2.7846	-2.7846	2.7945	-2.7945	-2.7973	2.7973	-2.8264	2.8264	2.8427	-2.8427	2.8851	-2.8851	-2.9476	2.9476	-2.961	2.961	-2.9622	2.9622	-2.9949	2.9949	-3.0146	3.0146	3.0169	-3.0169	3.0334	-3.0334	3.0338	-3.0338	3.0597	-3.0597	3.1182	-3.1182	-3.1686	3.1686	3.199	-3.199	-3.2409	3.2409	-3.2785	3.2785	
0	-0.6	0.029144	-0.029144	0.11416	-0.11416	-0.18813	0.18813	-0.2209	0.2209	-0.24693	0.24693	0.27425	-0.27425	-0.30733	0.30733	-0.37754	0.37754	-0.44607	0.44607	-0.45455	0.45455	-0.55777	0.55777	0.68884	-0.68884	-0.69002	0.69002	0.80375	-0.80375	0.81501	-0.81501	0.8204	-0.8204	0.8546	-0.8546	-0.91868	0.91868	-0.96051	0.96051	0.98889	-0.98889	1.007	-1.007	-1.0405	1.0405	1.062	-1.062	1.0975	-1.0975	1.1536	-1.1536	-1.2527	1.2527	1.2538	-1.2538	-1.2629	1.2629	1.3811	-1.3811	1.4019	-1.4019	-1.4192	1.4192	1.5501	-1.5501	1.562	-1.562	-1.5656	1.5656	1.5974	-1.5974	-1.6198	1.6198	-1.6601	1.6601	-1.6841	1.6841	1.7462	-1.7462	1.8158	-1.8158	1.8528	-1.8528	-1.8601	1.8601	1.8786	-1.8786	1.9226	-1.9226	1.9289	-1.9289	1.9727	-1.9727	-2.0128	2.0128	-2.0595	2.0595	-2.0696	2.0696	2.1122	-2.1122	-2.1299	2.1299	2.1928	-2.1928	2.2082	-2.2082	2.2258	-2.2258	-2.2783	2.2783	-2.2907	2.2907	-2.3332	2.3332	-2.3414	2.3414	2.4051	-2.4051	-2.4354	2.4354	2.4545	-2.4545	-2.4805	2.4805	-2.5214	2.5214	2.5259	-2.5259	-2.611	2.611	-2.6212	2.6212	-2.6474	2.6474	-2.6508	2.6508	2.6667	-2.6667	-2.7127	2.7127	2.7842	-2.7842	-2.7947	2.7947	2.7952	-2.7952	2.8248	-2.8248	2.843	-2.843	2.8815	-2.8815	2.9474	-2.9474	-2.9601	2.9601	-2.9625	2.9625	2.9931	-2.9931	3.0133	-3.0133	-3.0177	3.0177	-3.0334	3.0334	-3.0338	3.0338	-3.0606	3.0606	3.1182	-3.1182	-3.1685	3.1685	-3.1992	3.1992	-3.2408	3.2408	-3.2793	3.2793	
0	-0.58	0.014522	-0.014522	0.10375	-0.10375	0.1797	-0.1797	0.22162	-0.22162	-0.2363	0.2363	0.26859	-0.26859	0.30579	-0.30579	0.37869	-0.37869	-0.44317	0.44317	0.4456	-0.4456	0.56014	-0.56014	0.68517	-0.68517	0.68884	-0.68884	0.81294	-0.81294	-0.82203	0.82203	-0.83187	0.83187	0.84981	-0.84981	-0.93008	0.93008	0.96005	-0.96005	0.99043	-0.99043	1.0241	-1.0241	1.041	-1.041	1.0581	-1.0581	1.0935	-1.0935	1.1544	-1.1544	1.2532	-1.2532	1.2647	-1.2647	1.2807	-1.2807	1.3796	-1.3796	1.4182	-1.4182	-1.4196	1.4196	1.5471	-1.5471	1.5551	-1.5551	1.5647	-1.5647	1.5976	-1.5976	-1.6181	1.6181	1.6596	-1.6596	-1.685	1.685	1.7474	-1.7474	1.8153	-1.8153	1.8513	-1.8513	1.8599	-1.8599	-1.8779	1.8779	-1.9185	1.9185	-1.9314	1.9314	1.9695	-1.9695	-2.0125	2.0125	2.0597	-2.0597	-2.0696	2.0696	-2.112	2.112	-2.1281	2.1281	-2.1944	2.1944	2.2049	-2.2049	2.226	-2.226	2.277	-2.277	2.2907	-2.2907	2.3328	-2.3328	-2.3376	2.3376	2.405	-2.405	-2.4312	2.4312	2.4544	-2.4544	-2.4792	2.4792	-2.522	2.522	2.5266	-2.5266	2.6104	-2.6104	2.6205	-2.6205	-2.6462	2.6462	2.6471	-2.6471	2.6667	-2.6667	2.7125	-2.7125	2.7837	-2.7837	2.7932	-2.7932	2.7948	-2.7948	2.8232	-2.8232	2.8432	-2.8432	2.8779	-2.8779	-2.9472	2.9472	-2.9593	2.9593	2.9628	-2.9628	2.9913	-2.9913	3.0119	-3.0119	3.0186	-3.0186	-3.0335	3.0335	-3.0338	3.0338	3.0615	-3.0615	3.1181	-3.1181	3.1683	-3.1683	3.1995	-3.1995	-3.2407	3.2407	3.2802	-3.2802	
0	-0.56	-0.00015509	0.00015509	0.091023	-0.091023	-0.17114	0.17114	0.20906	-0.20906	0.24246	-0.24246	0.25436	-0.25436	-0.314	0.314	0.37981	-0.37981	0.4318	-0.4318	0.44514	-0.44514	0.56247	-0.56247	0.67999	-0.67999	0.68885	-0.68885	-0.82015	0.82015	0.82372	-0.82372	0.84293	-0.84293	0.85048	-0.85048	-0.94146	0.94146	0.95956	-0.95956	-0.99314	0.99314	-1.0387	1.0387	1.0416	-1.0416	-1.056	1.056	-1.0897	1.0897	-1.1554	1.1554	1.2526	-1.2526	1.2745	-1.2745	-1.2983	1.2983	1.3802	-1.3802	1.4194	-1.4194	-1.4353	1.4353	-1.5416	1.5416	-1.5507	1.5507	1.5636	-1.5636	1.5979	-1.5979	-1.6164	1.6164	1.659	-1.659	1.6859	-1.6859	-1.7486	1.7486	1.8148	-1.8148	-1.8497	1.8497	-1.8597	1.8597	-1.877	1.877	1.9143	-1.9143	-1.9338	1.9338	-1.9661	1.9661	-2.0124	2.0124	-2.0599	2.0599	2.0696	-2.0696	-2.1117	2.1117	-2.1263	2.1263	-2.196	2.196	2.2017	-2.2017	2.2262	-2.2262	-2.2758	2.2758	-2.2907	2.2907	2.3323	-2.3323	2.3338	-2.3338	2.405	-2.405	-2.427	2.427	-2.4543	2.4543	2.478	-2.478	2.5227	-2.5227	2.5274	-2.5274	-2.6098	2.6098	-2.6197	2.6197	2.6415	-2.6415	-2.6466	2.6466	-2.6667	2.6667	2.7122	-2.7122	2.7831	-2.7831	-2.7911	2.7911	2.795	-2.795	2.8215	-2.8215	-2.8434	2.8434	2.8744	-2.8744	-2.947	2.947	2.9584	-2.9584	2.9631	-2.9631	-2.9896	2.9896	3.0106	-3.0106	-3.0195	3.0195	-3.0335	3.0335	3.0338	-3.0338	3.0623	-3.0623	3.1181	-3.1181	3.1682	-3.1682	-3.1998	3.1998	-3.2406	3.2406	3.281	-3.281	
0	-0.54	0.01431	-0.01431	-0.077164	0.077164	-0.16246	0.16246	-0.19353	0.19353	0.23775	-0.23775	0.25427	-0.25427	-0.32558	0.32558	0.38088	-0.38088	-0.42043	0.42043	0.44472	-0.44472	0.56474	-0.56474	0.6745	-0.6745	0.68885	-0.68885	-0.82522	0.82522	0.82546	-0.82546	0.83806	-0.83806	-0.86665	0.86665	0.95284	-0.95284	0.95906	-0.95906	-0.99707	0.99707	1.0424	-1.0424	1.0429	-1.0429	-1.0629	1.0629	1.0869	-1.0869	-1.1564	1.1564	-1.2519	1.2519	1.2815	-1.2815	-1.3157	1.3157	1.3836	-1.3836	-1.4196	1.4196	-1.4521	1.4521	1.5339	-1.5339	1.5483	-1.5483	-1.5625	1.5625	-1.5981	1.5981	1.6146	-1.6146	1.6584	-1.6584	1.6868	-1.6868	-1.7496	1.7496	1.8144	-1.8144	-1.848	1.848	1.8595	-1.8595	-1.8759	1.8759	-1.9099	1.9099	-1.9361	1.9361	1.9624	-1.9624	2.0124	-2.0124	2.0601	-2.0601	2.0696	-2.0696	-2.1115	2.1115	-2.1246	2.1246	-2.1972	2.1972	2.1987	-2.1987	-2.2264	2.2264	2.2746	-2.2746	2.2907	-2.2907	2.3298	-2.3298	-2.3318	2.3318	-2.405	2.405	-2.4228	2.4228	-2.4542	2.4542	2.4767	-2.4767	2.5233	-2.5233	-2.5282	2.5282	2.6092	-2.6092	2.6189	-2.6189	-2.6366	2.6366	2.646	-2.646	2.6667	-2.6667	2.712	-2.712	2.7825	-2.7825	2.7891	-2.7891	2.7952	-2.7952	-2.8199	2.8199	2.8437	-2.8437	-2.871	2.871	-2.9468	2.9468	2.9576	-2.9576	2.9634	-2.9634	-2.9878	2.9878	3.0092	-3.0092	-3.0203	3.0203	3.0335	-3.0335	3.0338	-3.0338	-3.0631	3.0631	-3.1181	3.1181	-3.168	3.168	-3.2001	3.2001	-3.2405	3.2405	-3.2819	3.2819	
0	-0.52	-0.026452	0.026452	0.06384	-0.06384	0.15367	-0.15367	-0.17844	0.17844	-0.22061	0.22061	0.26797	-0.26797	-0.33849	0.33849	0.3819	-0.3819	-0.40908	0.40908	0.44431	-0.44431	-0.56696	0.56696	0.66873	-0.66873	-0.68885	0.68885	-0.82719	0.82719	0.82817	-0.82817	0.83214	-0.83214	-0.8834	0.8834	0.95853	-0.95853	-0.9642	0.9642	1.0021	-1.0021	1.0394	-1.0394	-1.0432	1.0432	1.0723	-1.0723	1.0891	-1.0891	1.1576	-1.1576	1.2512	-1.2512	1.2853	-1.2853	1.3328	-1.3328	1.3898	-1.3898	-1.4198	1.4198	-1.469	1.469	1.5255	-1.5255	-1.5465	1.5465	-1.5613	1.5613	-1.5984	1.5984	1.613	-1.613	-1.6577	1.6577	-1.6877	1.6877	1.7506	-1.7506	1.814	-1.814	-1.846	1.846	-1.8593	1.8593	1.8747	-1.8747	1.9053	-1.9053	-1.9383	1.9383	-1.9586	1.9586	2.0125	-2.0125	-2.0602	2.0602	2.0696	-2.0696	2.1112	-2.1112	2.1229	-2.1229	-2.1945	2.1945	2.1997	-2.1997	-2.2266	2.2266	-2.2734	2.2734	-2.2908	2.2908	-2.3258	2.3258	2.3313	-2.3313	2.4049	-2.4049	2.4185	-2.4185	2.4542	-2.4542	-2.4755	2.4755	2.524	-2.524	2.529	-2.529	-2.6086	2.6086	2.6182	-2.6182	-2.6316	2.6316	2.6453	-2.6453	2.6667	-2.6667	2.7117	-2.7117	-2.7817	2.7817	-2.7872	2.7872	2.7953	-2.7953	-2.8182	2.8182	-2.8439	2.8439	2.8676	-2.8676	-2.9466	2.9466	-2.9568	2.9568	2.9636	-2.9636	2.9861	-2.9861	-3.0079	3.0079	3.0212	-3.0212	-3.0335	3.0335	3.0339	-3.0339	-3.0639	3.0639	-3.1181	3.1181	3.1679	-3.1679	3.2005	-3.2005	3.2404	-3.2404	3.2827	-3.2827	
0	-0.5	-0.030684	0.030684	0.056604	-0.056604	0.14478	-0.14478	-0.1648	0.1648	-0.20347	0.20347	-0.28278	0.28278	-0.35209	0.35209	0.38286	-0.38286	-0.39775	0.39775	-0.44393	0.44393	-0.56911	0.56911	0.6627	-0.6627	-0.68885	0.68885	0.82586	-0.82586	-0.82893	0.82893	-0.82905	0.82905	-0.89996	0.89996	0.95799	-0.95799	0.97555	-0.97555	1.0078	-1.0078	-1.0345	1.0345	1.0442	-1.0442	1.0733	-1.0733	-1.101	1.101	-1.1591	1.1591	1.2505	-1.2505	-1.2862	1.2862	-1.3496	1.3496	1.3988	-1.3988	1.4199	-1.4199	-1.4859	1.4859	1.5169	-1.5169	1.5449	-1.5449	1.5601	-1.5601	1.5987	-1.5987	1.6113	-1.6113	-1.6569	1.6569	-1.6885	1.6885	1.7515	-1.7515	1.8136	-1.8136	-1.8439	1.8439	1.8592	-1.8592	1.8733	-1.8733	1.9006	-1.9006	1.9405	-1.9405	-1.9546	1.9546	-2.0126	2.0126	-2.0604	2.0604	2.0697	-2.0697	-2.1109	2.1109	2.1213	-2.1213	2.1909	-2.1909	-2.2014	2.2014	-2.2268	2.2268	-2.2722	2.2722	-2.2908	2.2908	-2.3216	2.3216	-2.3308	2.3308	2.4048	-2.4048	-2.4143	2.4143	2.4542	-2.4542	2.4742	-2.4742	-2.5247	2.5247	2.5298	-2.5298	-2.608	2.608	2.6173	-2.6173	2.6265	-2.6265	2.6444	-2.6444	2.6667	-2.6667	2.7114	-2.7114	2.7808	-2.7808	-2.7855	2.7855	2.7955	-2.7955	2.8165	-2.8165	-2.8441	2.8441	-2.8643	2.8643	2.9464	-2.9464	2.9559	-2.9559	2.9639	-2.9639	-2.9844	2.9844	-3.0067	3.0067	-3.0221	3.0221	3.0335	-3.0335	3.0339	-3.0339	3.0647	-3.0647	-3.118	3.118	-3.1678	3.1678	-3.2008	3.2008	3.2403	-3.2403	-3.2835	3.2835	
0	-0.48	0.021015	-0.021015	0.060368	-0.060368	-0.13582	0.13582	-0.15393	0.15393	-0.18653	0.18653	-0.2983	0.2983	-0.36606	0.36606	0.38377	-0.38377	-0.38643	0.38643	0.44357	-0.44357	-0.57119	0.57119	0.65643	-0.65643	-0.68886	0.68886	-0.81929	0.81929	-0.82792	0.82792	0.83081	-0.83081	0.91619	-0.91619	-0.95744	0.95744	-0.98688	0.98688	-1.0135	1.0135	1.0294	-1.0294	-1.0453	1.0453	1.0719	-1.0719	-1.116	1.116	1.1612	-1.1612	1.2499	-1.2499	1.2848	-1.2848	-1.3661	1.3661	1.4097	-1.4097	-1.4201	1.4201	1.5026	-1.5026	1.508	-1.508	-1.5435	1.5435	1.5589	-1.5589	1.5991	-1.5991	-1.6097	1.6097	1.656	-1.656	-1.6893	1.6893	1.7524	-1.7524	-1.8132	1.8132	1.8417	-1.8417	-1.859	1.859	1.8717	-1.8717	1.8957	-1.8957	-1.9423	1.9423	1.9506	-1.9506	-2.0128	2.0128	-2.0606	2.0606	2.0697	-2.0697	-2.1106	2.1106	2.1198	-2.1198	2.1872	-2.1872	2.2031	-2.2031	-2.227	2.227	2.271	-2.271	2.2908	-2.2908	2.3174	-2.3174	-2.3303	2.3303	2.4047	-2.4047	2.4101	-2.4101	2.4542	-2.4542	-2.473	2.473	2.5254	-2.5254	2.5306	-2.5306	2.6073	-2.6073	2.6165	-2.6165	2.6214	-2.6214	-2.6434	2.6434	-2.6666	2.6666	2.7111	-2.7111	-2.7795	2.7795	-2.7841	2.7841	-2.7956	2.7956	-2.8148	2.8148	2.8444	-2.8444	2.8611	-2.8611	2.9462	-2.9462	-2.9551	2.9551	-2.9642	2.9642	2.9827	-2.9827	-3.0054	3.0054	3.023	-3.023	3.0335	-3.0335	3.034	-3.034	-3.0654	3.0654	-3.118	3.118	3.1678	-3.1678	3.2012	-3.2012	3.2401	-3.2401	3.2844	-3.2844	
0	-0.46	-0.006167	0.006167	-0.064406	0.064406	-0.12683	0.12683	0.148	-0.148	-0.16991	0.16991	-0.3143	0.3143	-0.37509	0.37509	-0.38026	0.38026	0.38464	-0.38464	0.44323	-0.44323	-0.5732	0.5732	0.64993	-0.64993	0.68886	-0.68886	0.81245	-0.81245	-0.82516	0.82516	-0.83264	0.83264	0.93194	-0.93194	-0.95687	0.95687	-0.99819	0.99819	-1.0169	1.0169	1.0252	-1.0252	-1.0468	1.0468	1.0715	-1.0715	1.1303	-1.1303	-1.1645	1.1645	1.2492	-1.2492	-1.2819	1.2819	-1.3821	1.3821	1.4202	-1.4202	1.4221	-1.4221	-1.499	1.499	-1.5189	1.5189	-1.5422	1.5422	1.5579	-1.5579	1.5995	-1.5995	1.6081	-1.6081	-1.6551	1.6551	1.6901	-1.6901	-1.7532	1.7532	1.8128	-1.8128	1.8392	-1.8392	1.8588	-1.8588	-1.8698	1.8698	1.8908	-1.8908	-1.9431	1.9431	-1.9476	1.9476	-2.013	2.013	-2.0607	2.0607	2.0697	-2.0697	-2.1102	2.1102	-2.1184	2.1184	2.1834	-2.1834	-2.2049	2.2049	2.2271	-2.2271	-2.2696	2.2696	-2.2909	2.2909	2.3132	-2.3132	2.3298	-2.3298	-2.4042	2.4042	-2.4063	2.4063	-2.4543	2.4543	2.4717	-2.4717	-2.5261	2.5261	2.5315	-2.5315	2.6067	-2.6067	2.6156	-2.6156	-2.6162	2.6162	2.6423	-2.6423	2.6666	-2.6666	-2.7108	2.7108	-2.7779	2.7779	-2.783	2.783	2.7958	-2.7958	2.813	-2.813	2.8446	-2.8446	2.858	-2.858	2.946	-2.946	-2.9544	2.9544	2.9644	-2.9644	2.9811	-2.9811	-3.0042	3.0042	3.0239	-3.0239	3.0334	-3.0334	3.034	-3.034	3.0661	-3.0661	-3.118	3.118	-3.1677	3.1677	-3.2016	3.2016	-3.24	3.24	-3.2852	3.2852	
0	-0.44	-0.0097779	0.0097779	0.062791	-0.062791	-0.11774	0.11774	-0.14905	0.14905	0.15371	-0.15371	-0.33061	0.33061	-0.36384	0.36384	0.38546	-0.38546	0.39441	-0.39441	0.44291	-0.44291	-0.57513	0.57513	0.64324	-0.64324	0.68886	-0.68886	0.80539	-0.80539	0.82097	-0.82097	-0.83449	0.83449	0.94708	-0.94708	-0.95628	0.95628	1.0095	-1.0095	-1.0144	1.0144	-1.0249	1.0249	1.0486	-1.0486	1.0735	-1.0735	1.142	-1.142	-1.1705	1.1705	1.2485	-1.2485	1.2779	-1.2779	1.3977	-1.3977	-1.4204	1.4204	1.4352	-1.4352	1.4899	-1.4899	1.534	-1.534	1.5411	-1.5411	-1.5577	1.5577	1.5999	-1.5999	1.6065	-1.6065	1.6541	-1.6541	-1.6908	1.6908	1.7539	-1.7539	-1.8125	1.8125	-1.8365	1.8365	1.8585	-1.8585	-1.8675	1.8675	1.8859	-1.8859	-1.9406	1.9406	-1.9478	1.9478	-2.0133	2.0133	2.0609	-2.0609	2.0697	-2.0697	2.1098	-2.1098	2.1172	-2.1172	2.1796	-2.1796	2.2067	-2.2067	-2.2273	2.2273	2.2682	-2.2682	2.2909	-2.2909	-2.3092	2.3092	-2.3292	2.3292	2.4011	-2.4011	2.4051	-2.4051	2.4543	-2.4543	-2.4706	2.4706	-2.5269	2.5269	2.5324	-2.5324	-2.606	2.606	-2.611	2.611	2.6148	-2.6148	2.641	-2.641	2.6666	-2.6666	-2.7105	2.7105	2.7762	-2.7762	2.7823	-2.7823	-2.796	2.796	2.8114	-2.8114	-2.8448	2.8448	2.855	-2.855	2.9458	-2.9458	2.9536	-2.9536	2.9647	-2.9647	-2.9795	2.9795	3.003	-3.003	3.0248	-3.0248	-3.0334	3.0334	-3.0341	3.0341	3.0667	-3.0667	3.1179	-3.1179	3.1677	-3.1677	3.2021	-3.2021	-3.2399	3.2399	-3.286	3.286	
0	-0.42	-0.025893	0.025893	0.055241	-0.055241	-0.10852	0.10852	-0.13806	0.13806	-0.1566	0.1566	-0.34709	0.34709	-0.35259	0.35259	-0.38625	0.38625	-0.4085	0.4085	0.44262	-0.44262	0.57699	-0.57699	-0.63636	0.63636	0.68886	-0.68886	-0.79812	0.79812	-0.81558	0.81558	0.83634	-0.83634	0.95569	-0.95569	0.96141	-0.96141	1.0086	-1.0086	1.0207	-1.0207	-1.025	1.025	-1.0509	1.0509	-1.0784	1.0784	-1.1495	1.1495	1.1807	-1.1807	-1.2478	1.2478	-1.2732	1.2732	1.4128	-1.4128	1.4206	-1.4206	-1.4487	1.4487	-1.4807	1.4807	1.5402	-1.5402	1.5447	-1.5447	-1.5615	1.5615	1.6007	-1.6007	1.605	-1.605	1.6532	-1.6532	1.6915	-1.6915	1.7546	-1.7546	1.8122	-1.8122	-1.8336	1.8336	-1.8583	1.8583	-1.8649	1.8649	1.8809	-1.8809	-1.9368	1.9368	-1.9494	1.9494	2.0136	-2.0136	-2.0611	2.0611	2.0698	-2.0698	-2.1093	2.1093	2.1161	-2.1161	-2.1758	2.1758	-2.2085	2.2085	2.2275	-2.2275	-2.2665	2.2665	-2.291	2.291	-2.3053	2.3053	-2.3287	2.3287	2.3971	-2.3971	2.405	-2.405	2.4544	-2.4544	2.4695	-2.4695	-2.5276	2.5276	2.5333	-2.5333	-2.6053	2.6053	2.6057	-2.6057	2.6139	-2.6139	-2.6397	2.6397	-2.6665	2.6665	2.7101	-2.7101	-2.7743	2.7743	2.7816	-2.7816	-2.7961	2.7961	2.8097	-2.8097	-2.845	2.845	2.8521	-2.8521	-2.9457	2.9457	2.9529	-2.9529	-2.9649	2.9649	-2.9779	2.9779	-3.0019	3.0019	-3.0257	3.0257	-3.0334	3.0334	-3.0341	3.0341	3.0674	-3.0674	3.1179	-3.1179	-3.1677	3.1677	3.2025	-3.2025	-3.2398	3.2398	3.2868	-3.2868	
0	-0.4	0.041711	-0.041711	0.043859	-0.043859	-0.0992	0.0992	-0.12317	0.12317	-0.16833	0.16833	-0.34136	0.34136	-0.36363	0.36363	-0.38703	0.38703	0.42238	-0.42238	0.44234	-0.44234	-0.57876	0.57876	-0.62934	0.62934	-0.68885	0.68885	0.79067	-0.79067	-0.80917	0.80917	-0.83819	0.83819	0.95508	-0.95508	-0.97467	0.97467	-1.002	1.002	1.0232	-1.0232	-1.032	1.032	1.0539	-1.0539	-1.086	1.086	-1.1536	1.1536	1.194	-1.194	-1.2472	1.2472	1.2682	-1.2682	-1.4207	1.4207	-1.4273	1.4273	1.4623	-1.4623	-1.4714	1.4714	-1.5396	1.5396	1.5473	-1.5473	-1.5725	1.5725	-1.6019	1.6019	1.6035	-1.6035	1.6522	-1.6522	-1.6921	1.6921	1.7552	-1.7552	1.8119	-1.8119	-1.8304	1.8304	1.8579	-1.8579	-1.8618	1.8618	1.8761	-1.8761	-1.9329	1.9329	1.9511	-1.9511	-2.0139	2.0139	-2.0612	2.0612	-2.0698	2.0698	2.1088	-2.1088	-2.1151	2.1151	-2.1719	2.1719	-2.2103	2.2103	-2.2277	2.2277	-2.2644	2.2644	2.291	-2.291	-2.3017	2.3017	-2.3281	2.3281	-2.3931	2.3931	2.4049	-2.4049	2.4544	-2.4544	-2.4684	2.4684	-2.5283	2.5283	2.5342	-2.5342	2.6005	-2.6005	2.6047	-2.6047	2.613	-2.613	-2.6382	2.6382	-2.6665	2.6665	2.7098	-2.7098	-2.7723	2.7723	-2.7811	2.7811	-2.7963	2.7963	-2.808	2.808	-2.8452	2.8452	-2.8494	2.8494	-2.9455	2.9455	-2.9522	2.9522	-2.9652	2.9652	2.9764	-2.9764	3.0009	-3.0009	-3.0265	3.0265	3.0334	-3.0334	3.0342	-3.0342	3.068	-3.068	-3.1179	3.1179	-3.1677	3.1677	-3.203	3.203	-3.2397	3.2397	-3.2875	3.2875	
0	-0.38	0.030466	-0.030466	-0.05651	0.05651	0.089796	-0.089796	0.10968	-0.10968	-0.18228	0.18228	-0.33017	0.33017	-0.37992	0.37992	0.38803	-0.38803	-0.43594	0.43594	0.44208	-0.44208	0.58044	-0.58044	0.62221	-0.62221	0.68885	-0.68885	-0.78308	0.78308	0.80193	-0.80193	0.84003	-0.84003	-0.95447	0.95447	-0.98657	0.98657	0.9951	-0.9951	1.0201	-1.0201	1.0432	-1.0432	1.0577	-1.0577	1.0952	-1.0952	1.156	-1.156	1.2086	-1.2086	-1.2468	1.2468	1.2632	-1.2632	1.4209	-1.4209	1.4409	-1.4409	1.462	-1.462	1.4758	-1.4758	-1.5393	1.5393	-1.5465	1.5465	-1.5849	1.5849	-1.602	1.602	-1.6048	1.6048	-1.6513	1.6513	-1.6928	1.6928	1.7558	-1.7558	-1.8116	1.8116	-1.8269	1.8269	-1.8574	1.8574	-1.8582	1.8582	-1.8715	1.8715	1.9291	-1.9291	-1.9528	1.9528	2.0143	-2.0143	-2.0614	2.0614	2.0698	-2.0698	2.1081	-2.1081	-2.1144	2.1144	2.1681	-2.1681	2.2121	-2.2121	2.2278	-2.2278	2.2619	-2.2619	2.2911	-2.2911	2.2987	-2.2987	-2.3276	2.3276	2.3891	-2.3891	-2.4048	2.4048	2.4545	-2.4545	-2.4674	2.4674	2.529	-2.529	-2.5351	2.5351	-2.5953	2.5953	2.604	-2.604	-2.6121	2.6121	-2.6367	2.6367	2.6665	-2.6665	-2.7094	2.7094	2.7704	-2.7704	2.7806	-2.7806	2.7964	-2.7964	-2.8064	2.8064	2.8454	-2.8454	2.8468	-2.8468	-2.9454	2.9454	-2.9515	2.9515	2.9654	-2.9654	2.9749	-2.9749	-2.9998	2.9998	3.0274	-3.0274	3.0334	-3.0334	3.0342	-3.0342	3.0685	-3.0685	-3.1179	3.1179	-3.1678	3.1678	3.2036	-3.2036	3.2397	-3.2397	3.2883	-3.2883	
0	-0.36	-0.016089	0.016089	-0.067707	0.067707	-0.08032	0.08032	0.10009	-0.10009	0.19738	-0.19738	-0.31901	0.31901	0.38777	-0.38777	-0.39736	0.39736	-0.44183	0.44183	-0.44908	0.44908	-0.58204	0.58204	0.61503	-0.61503	-0.68885	0.68885	-0.77538	0.77538	0.794	-0.794	-0.84185	0.84185	0.95385	-0.95385	-0.98785	0.98785	-0.9968	0.9968	1.016	-1.016	1.0543	-1.0543	-1.0627	1.0627	1.1054	-1.1054	1.1578	-1.1578	-1.2233	1.2233	-1.2468	1.2468	1.2582	-1.2582	1.421	-1.421	-1.4524	1.4524	-1.4538	1.4538	1.4889	-1.4889	1.5395	-1.5395	-1.5449	1.5449	-1.5931	1.5931	1.6006	-1.6006	1.6123	-1.6123	1.6505	-1.6505	-1.6933	1.6933	-1.7563	1.7563	1.8114	-1.8114	1.8231	-1.8231	1.8541	-1.8541	-1.8566	1.8566	1.8674	-1.8674	-1.9256	1.9256	1.9544	-1.9544	-2.0146	2.0146	-2.0615	2.0615	2.0698	-2.0698	-2.1075	2.1075	2.1138	-2.1138	2.1643	-2.1643	2.2139	-2.2139	2.228	-2.228	-2.2588	2.2588	2.2911	-2.2911	2.2962	-2.2962	-2.327	2.327	2.3852	-2.3852	-2.4048	2.4048	-2.4544	2.4544	-2.4666	2.4666	-2.5297	2.5297	2.536	-2.536	-2.5902	2.5902	2.6033	-2.6033	-2.6112	2.6112	-2.635	2.635	-2.6664	2.6664	2.709	-2.709	-2.7685	2.7685	2.7801	-2.7801	2.7966	-2.7966	2.8048	-2.8048	2.8444	-2.8444	2.8456	-2.8456	2.9452	-2.9452	2.9509	-2.9509	2.9656	-2.9656	2.9735	-2.9735	-2.9989	2.9989	3.0282	-3.0282	-3.0333	3.0333	3.0343	-3.0343	3.069	-3.069	-3.1178	3.1178	-3.1679	3.1679	3.2041	-3.2041	-3.2396	3.2396	-3.289	3.289	
0	-0.34	0.0012654	-0.0012654	0.067755	-0.067755	-0.07078	0.07078	0.10193	-0.10193	0.21307	-0.21307	-0.30789	0.30789	-0.38862	0.38862	0.41351	-0.41351	0.44161	-0.44161	0.46167	-0.46167	-0.58356	0.58356	-0.60786	0.60786	-0.68885	0.68885	0.76759	-0.76759	-0.78549	0.78549	0.84364	-0.84364	-0.95322	0.95322	-0.98032	0.98032	-1.0052	1.0052	1.0115	-1.0115	1.0654	-1.0654	1.0689	-1.0689	-1.1161	1.1161	-1.1592	1.1592	-1.2357	1.2357	-1.2491	1.2491	1.2536	-1.2536	1.4212	-1.4212	1.4431	-1.4431	1.4651	-1.4651	1.5016	-1.5016	1.5404	-1.5404	1.5428	-1.5428	1.5962	-1.5962	1.5993	-1.5993	1.6248	-1.6248	-1.6498	1.6498	1.6939	-1.6939	1.7568	-1.7568	1.8111	-1.8111	1.8189	-1.8189	-1.8495	1.8495	1.8551	-1.8551	1.8641	-1.8641	-1.9224	1.9224	1.9559	-1.9559	2.0149	-2.0149	2.0617	-2.0617	2.0698	-2.0698	-2.1068	2.1068	-2.1133	2.1133	-2.1605	2.1605	-2.2156	2.2156	-2.2281	2.2281	2.2551	-2.2551	2.2911	-2.2911	-2.2944	2.2944	-2.3264	2.3264	-2.3814	2.3814	-2.4048	2.4048	-2.4543	2.4543	-2.4658	2.4658	-2.5304	2.5304	-2.5369	2.5369	2.5851	-2.5851	2.6027	-2.6027	-2.6103	2.6103	-2.6332	2.6332	2.6664	-2.6664	-2.7086	2.7086	-2.7667	2.7667	2.7797	-2.7797	-2.7967	2.7967	-2.8032	2.8032	-2.8422	2.8422	2.8458	-2.8458	2.9451	-2.9451	2.9503	-2.9503	-2.9658	2.9658	-2.9721	2.9721	2.998	-2.998	3.0291	-3.0291	-3.0333	3.0333	-3.0343	3.0343	-3.0695	3.0695	-3.1178	3.1178	-3.168	3.168	3.2047	-3.2047	-3.2395	3.2395	3.2897	-3.2897	
0	-0.32	-0.0137	0.0137	0.058406	-0.058406	0.061185	-0.061185	0.11341	-0.11341	0.22903	-0.22903	0.29682	-0.29682	-0.38924	0.38924	0.42965	-0.42965	0.4414	-0.4414	-0.47356	0.47356	0.58498	-0.58498	-0.6008	0.6008	-0.68885	0.68885	-0.75977	0.75977	-0.77654	0.77654	-0.8454	0.8454	-0.95259	0.95259	-0.97254	0.97254	1.0067	-1.0067	-1.0117	1.0117	1.0757	-1.0757	-1.0769	1.0769	1.127	-1.127	1.1604	-1.1604	1.2406	-1.2406	-1.2495	1.2495	1.2589	-1.2589	-1.4214	1.4214	-1.4335	1.4335	1.475	-1.475	1.5136	-1.5136	-1.5406	1.5406	1.5423	-1.5423	-1.5975	1.5975	1.5981	-1.5981	-1.6389	1.6389	1.6495	-1.6495	1.6944	-1.6944	1.7573	-1.7573	-1.8109	1.8109	-1.8143	1.8143	-1.8443	1.8443	-1.8528	1.8528	-1.8619	1.8619	1.9196	-1.9196	-1.9574	1.9574	2.0153	-2.0153	-2.0618	2.0618	-2.0699	2.0699	2.1061	-2.1061	-2.113	2.113	2.1568	-2.1568	-2.2173	2.2173	2.2282	-2.2282	2.2508	-2.2508	2.2911	-2.2911	-2.2933	2.2933	2.3259	-2.3259	-2.3777	2.3777	2.4047	-2.4047	-2.4542	2.4542	2.4653	-2.4653	2.5311	-2.5311	-2.5378	2.5378	-2.5802	2.5802	2.602	-2.602	2.6094	-2.6094	-2.6313	2.6313	2.6664	-2.6664	-2.7082	2.7082	-2.7649	2.7649	2.7793	-2.7793	2.7969	-2.7969	2.8017	-2.8017	2.8401	-2.8401	2.846	-2.846	-2.9449	2.9449	-2.9498	2.9498	2.966	-2.966	2.9708	-2.9708	-2.9972	2.9972	3.0299	-3.0299	3.0333	-3.0333	3.0344	-3.0344	-3.07	3.07	3.1178	-3.1178	3.1681	-3.1681	-3.2053	3.2053	-3.2394	3.2394	3.2903	-3.2903	
0	-0.3	0.028569	-0.028569	-0.047003	0.047003	-0.051542	0.051542	-0.12721	0.12721	0.24505	-0.24505	0.28579	-0.28579	0.3898	-0.3898	0.4412	-0.4412	-0.44553	0.44553	-0.48456	0.48456	-0.58633	0.58633	-0.59399	0.59399	-0.68885	0.68885	-0.75195	0.75195	0.76724	-0.76724	-0.84712	0.84712	0.95196	-0.95196	-0.96452	0.96452	-1.0019	1.0019	-1.0167	1.0167	-1.0838	1.0838	1.0877	-1.0877	-1.1377	1.1377	1.1615	-1.1615	1.2411	-1.2411	-1.2461	1.2461	-1.2728	1.2728	-1.4215	1.4215	-1.4239	1.4239	-1.4832	1.4832	-1.5246	1.5246	1.5382	-1.5382	1.5454	-1.5454	-1.5968	1.5968	1.5983	-1.5983	1.6494	-1.6494	1.6532	-1.6532	1.6949	-1.6949	-1.7577	1.7577	1.8093	-1.8093	-1.8107	1.8107	-1.8385	1.8385	1.8498	-1.8498	-1.8607	1.8607	1.9171	-1.9171	1.9588	-1.9588	-2.0156	2.0156	-2.0619	2.0619	2.0699	-2.0699	2.1055	-2.1055	2.1127	-2.1127	-2.1532	2.1532	2.2189	-2.2189	-2.2283	2.2283	2.2461	-2.2461	2.2912	-2.2912	-2.2928	2.2928	2.3253	-2.3253	2.3742	-2.3742	-2.4047	2.4047	-2.4539	2.4539	2.4648	-2.4648	-2.5318	2.5318	2.5387	-2.5387	2.5753	-2.5753	-2.6014	2.6014	-2.6086	2.6086	-2.6293	2.6293	-2.6663	2.6663	2.7078	-2.7078	-2.7632	2.7632	2.779	-2.779	2.797	-2.797	-2.8003	2.8003	2.8383	-2.8383	-2.8462	2.8462	2.9448	-2.9448	-2.9493	2.9493	-2.9662	2.9662	2.9695	-2.9695	2.9964	-2.9964	-3.0306	3.0306	3.0333	-3.0333	3.0344	-3.0344	-3.0704	3.0704	-3.1178	3.1178	3.1683	-3.1683	3.2059	-3.2059	-3.2393	3.2393	-3.291	3.291	
0	-0.28	-0.034885	0.034885	0.041857	-0.041857	0.043878	-0.043878	0.14132	-0.14132	0.26103	-0.26103	0.27482	-0.27482	-0.39033	0.39033	0.44103	-0.44103	0.46105	-0.46105	-0.49441	0.49441	0.58758	-0.58758	-0.58767	0.58767	-0.68884	0.68884	-0.74419	0.74419	0.7577	-0.7577	0.84879	-0.84879	-0.9513	0.9513	-0.95632	0.95632	0.99706	-0.99706	1.0204	-1.0204	1.0918	-1.0918	1.0986	-1.0986	1.1482	-1.1482	-1.1625	1.1625	1.2409	-1.2409	-1.2436	1.2436	-1.2873	1.2873	-1.4142	1.4142	-1.4217	1.4217	1.4894	-1.4894	1.5345	-1.5345	-1.5356	1.5356	1.5501	-1.5501	1.5956	-1.5956	1.5987	-1.5987	1.6499	-1.6499	1.6673	-1.6673	-1.6954	1.6954	-1.7581	1.7581	1.804	-1.804	1.8105	-1.8105	-1.8324	1.8324	1.8466	-1.8466	1.86	-1.86	1.9149	-1.9149	1.96	-1.96	2.0158	-2.0158	-2.062	2.062	2.0699	-2.0699	-2.1049	2.1049	-2.1125	2.1125	2.1498	-2.1498	2.2205	-2.2205	-2.2283	2.2283	2.241	-2.241	2.2915	-2.2915	-2.2926	2.2926	2.3248	-2.3248	-2.3707	2.3707	-2.4047	2.4047	-2.4536	2.4536	2.4646	-2.4646	2.5325	-2.5325	2.5396	-2.5396	-2.5707	2.5707	2.6008	-2.6008	-2.6077	2.6077	2.6272	-2.6272	2.6663	-2.6663	2.7074	-2.7074	2.7616	-2.7616	-2.7786	2.7786	-2.7972	2.7972	-2.7989	2.7989	-2.8366	2.8366	-2.8463	2.8463	2.9447	-2.9447	-2.9489	2.9489	2.9664	-2.9664	-2.9684	2.9684	2.9957	-2.9957	-3.0314	3.0314	3.0333	-3.0333	3.0345	-3.0345	3.0708	-3.0708	3.1177	-3.1177	-3.1685	3.1685	3.2066	-3.2066	3.2392	-3.2392	-3.2916	3.2916	
0	-0.26	0.023889	-0.023889	0.032142	-0.032142	0.058203	-0.058203	0.15518	-0.15518	-0.26391	0.26391	-0.27684	0.27684	-0.39083	0.39083	0.44087	-0.44087	0.47609	-0.47609	0.50274	-0.50274	0.58214	-0.58214	-0.58874	0.58874	0.68884	-0.68884	-0.73655	0.73655	-0.74806	0.74806	-0.85041	0.85041	-0.94768	0.94768	0.95089	-0.95089	0.99234	-0.99234	1.0231	-1.0231	1.0994	-1.0994	-1.1095	1.1095	-1.1582	1.1582	1.1637	-1.1637	1.2403	-1.2403	-1.2422	1.2422	1.3017	-1.3017	-1.4045	1.4045	1.4218	-1.4218	-1.4937	1.4937	1.533	-1.533	1.5428	-1.5428	-1.5565	1.5565	1.5945	-1.5945	1.599	-1.599	-1.651	1.651	-1.6809	1.6809	-1.6958	1.6958	1.7584	-1.7584	1.7983	-1.7983	1.8103	-1.8103	1.8258	-1.8258	1.8434	-1.8434	1.8596	-1.8596	-1.9131	1.9131	-1.9612	1.9612	-2.0161	2.0161	-2.0621	2.0621	2.0699	-2.0699	2.1044	-2.1044	2.1123	-2.1123	2.1465	-2.1465	-2.222	2.222	-2.2282	2.2282	2.2359	-2.2359	2.2919	-2.2919	-2.2928	2.2928	-2.3243	2.3243	2.3674	-2.3674	-2.4046	2.4046	-2.4531	2.4531	2.4644	-2.4644	-2.5331	2.5331	-2.5404	2.5404	-2.5662	2.5662	2.6002	-2.6002	2.6068	-2.6068	2.6251	-2.6251	2.6662	-2.6662	2.707	-2.707	-2.76	2.76	2.7783	-2.7783	-2.7973	2.7973	2.7975	-2.7975	-2.8351	2.8351	-2.8465	2.8465	-2.9446	2.9446	-2.9485	2.9485	-2.9666	2.9666	2.9672	-2.9672	-2.9951	2.9951	3.0321	-3.0321	3.0332	-3.0332	3.0345	-3.0345	3.0711	-3.0711	3.1177	-3.1177	3.1686	-3.1686	-3.2073	3.2073	-3.2392	3.2392	-3.2921	3.2921	
0	-0.24	-0.013246	0.013246	0.022407	-0.022407	-0.072423	0.072423	0.16858	-0.16858	0.25308	-0.25308	-0.29242	0.29242	0.39133	-0.39133	-0.44072	0.44072	0.49053	-0.49053	-0.50907	0.50907	-0.57788	0.57788	-0.58982	0.58982	0.68884	-0.68884	0.72909	-0.72909	0.73844	-0.73844	0.85195	-0.85195	-0.93914	0.93914	0.95022	-0.95022	0.98778	-0.98778	1.0252	-1.0252	-1.1062	1.1062	1.1204	-1.1204	1.1636	-1.1636	-1.1689	1.1689	-1.2398	1.2398	-1.2422	1.2422	1.3158	-1.3158	1.3948	-1.3948	1.422	-1.422	1.4963	-1.4963	-1.5303	1.5303	-1.5494	1.5494	1.564	-1.564	-1.5935	1.5935	1.5993	-1.5993	1.6528	-1.6528	1.6939	-1.6939	1.6963	-1.6963	-1.7587	1.7587	-1.7923	1.7923	-1.8102	1.8102	-1.8189	1.8189	-1.8405	1.8405	1.8593	-1.8593	-1.9115	1.9115	-1.9623	1.9623	-2.0163	2.0163	2.0623	-2.0623	2.0699	-2.0699	-2.104	2.104	2.1122	-2.1122	-2.1433	2.1433	-2.2235	2.2235	-2.2272	2.2272	2.2315	-2.2315	2.2921	-2.2921	-2.2935	2.2935	-2.3238	2.3238	-2.3642	2.3642	2.4046	-2.4046	2.4527	-2.4527	-2.4644	2.4644	2.5337	-2.5337	2.5412	-2.5412	-2.5619	2.5619	2.5996	-2.5996	2.606	-2.606	2.6228	-2.6228	-2.6662	2.6662	2.7065	-2.7065	-2.7586	2.7586	-2.778	2.778	-2.7963	2.7963	2.7974	-2.7974	2.8338	-2.8338	2.8466	-2.8466	2.9445	-2.9445	2.9482	-2.9482	-2.9662	2.9662	-2.9667	2.9667	-2.9945	2.9945	-3.0328	3.0328	-3.0332	3.0332	3.0346	-3.0346	-3.0715	3.0715	3.1177	-3.1177	-3.1689	3.1689	-3.2081	3.2081	3.2391	-3.2391	3.2927	-3.2927	
0	-0.22	0.0032518	-0.0032518	-0.012667	0.012667	0.086272	-0.086272	0.18137	-0.18137	-0.24233	0.24233	-0.30767	0.30767	0.39182	-0.39182	0.44059	-0.44059	-0.50418	0.50418	0.51285	-0.51285	-0.57538	0.57538	0.59081	-0.59081	-0.68884	0.68884	0.72188	-0.72188	-0.72905	0.72905	0.85342	-0.85342	0.93038	-0.93038	-0.94963	0.94963	0.98343	-0.98343	-1.0269	1.0269	1.1119	-1.1119	-1.1311	1.1311	1.1647	-1.1647	-1.1779	1.1779	1.2392	-1.2392	1.2436	-1.2436	-1.3294	1.3294	-1.3851	1.3851	1.4221	-1.4221	-1.4976	1.4976	-1.5276	1.5276	-1.5546	1.5546	-1.5719	1.5719	1.5926	-1.5926	1.5995	-1.5995	-1.6555	1.6555	1.6965	-1.6965	-1.7066	1.7066	-1.759	1.759	1.7862	-1.7862	-1.81	1.81	-1.8118	1.8118	-1.8377	1.8377	-1.8591	1.8591	1.9102	-1.9102	1.9633	-1.9633	2.0166	-2.0166	2.0624	-2.0624	-2.0699	2.0699	-2.1037	2.1037	2.1121	-2.1121	2.1404	-2.1404	2.2234	-2.2234	-2.2249	2.2249	2.2298	-2.2298	-2.2922	2.2922	-2.2948	2.2948	-2.3233	2.3233	2.3612	-2.3612	2.4046	-2.4046	-2.4521	2.4521	2.4646	-2.4646	-2.5343	2.5343	-2.542	2.542	2.5579	-2.5579	-2.5991	2.5991	-2.6052	2.6052	2.6205	-2.6205	-2.6662	2.6662	2.7061	-2.7061	-2.7573	2.7573	2.7778	-2.7778	2.7951	-2.7951	2.7975	-2.7975	-2.8328	2.8328	2.8468	-2.8468	2.9444	-2.9444	2.948	-2.948	2.9652	-2.9652	2.9669	-2.9669	-2.994	2.994	-3.0332	3.0332	-3.0335	3.0335	-3.0346	3.0346	3.0718	-3.0718	3.1177	-3.1177	3.1691	-3.1691	-3.2088	3.2088	3.2391	-3.2391	-3.2932	3.2932	
0	-0.2	-0.0029326	0.0029326	-0.0060221	0.0060221	0.099662	-0.099662	0.19344	-0.19344	-0.23169	0.23169	0.32252	-0.32252	-0.39233	0.39233	-0.44047	0.44047	-0.51378	0.51378	-0.51683	0.51683	0.57494	-0.57494	-0.59172	0.59172	-0.68884	0.68884	-0.715	0.715	-0.7201	0.7201	-0.8548	0.8548	0.92151	-0.92151	0.94908	-0.94908	-0.97933	0.97933	-1.0282	1.0282	-1.1164	1.1164	-1.1418	1.1418	-1.1656	1.1656	-1.1864	1.1864	1.2386	-1.2386	-1.2464	1.2464	-1.3426	1.3426	1.3754	-1.3754	-1.4222	1.4222	-1.498	1.498	1.5248	-1.5248	1.5585	-1.5585	-1.5797	1.5797	1.5917	-1.5917	1.5997	-1.5997	1.6589	-1.6589	1.6968	-1.6968	1.7183	-1.7183	1.7593	-1.7593	-1.7799	1.7799	1.8044	-1.8044	-1.81	1.81	-1.8352	1.8352	-1.8589	1.8589	-1.9091	1.9091	1.9643	-1.9643	-2.0167	2.0167	2.0624	-2.0624	2.0699	-2.0699	2.1034	-2.1034	-2.112	2.112	2.1377	-2.1377	2.2184	-2.2184	-2.2262	2.2262	-2.2296	2.2296	2.2923	-2.2923	-2.2965	2.2965	2.3228	-2.3228	-2.3583	2.3583	2.4046	-2.4046	2.4516	-2.4516	2.4648	-2.4648	2.5348	-2.5348	2.5428	-2.5428	2.5541	-2.5541	-2.5985	2.5985	2.6045	-2.6045	-2.6181	2.6181	2.6661	-2.6661	-2.7056	2.7056	2.756	-2.756	-2.7775	2.7775	2.7939	-2.7939	-2.7976	2.7976	2.8319	-2.8319	2.8469	-2.8469	2.9443	-2.9443	-2.9478	2.9478	2.9643	-2.9643	-2.967	2.967	2.9936	-2.9936	3.0332	-3.0332	3.0341	-3.0341	-3.0347	3.0347	-3.072	3.072	3.1177	-3.1177	-3.1694	3.1694	3.2096	-3.2096	3.239	-3.239	-3.2936	3.2936	
0	-0.18	-0.0067548	0.0067548	0.014504	-0.014504	-0.11251	0.11251	-0.20468	0.20468	0.22117	-0.22117	-0.33686	0.33686	-0.39291	0.39291	-0.44037	0.44037	0.51211	-0.51211	-0.52818	0.52818	-0.57629	0.57629	0.59254	-0.59254	0.68883	-0.68883	-0.70855	0.70855	0.7119	-0.7119	-0.85609	0.85609	0.91257	-0.91257	-0.94856	0.94856	-0.97552	0.97552	-1.0293	1.0293	1.1198	-1.1198	-1.1523	1.1523	-1.1663	1.1663	1.1943	-1.1943	-1.238	1.238	-1.2506	1.2506	-1.3552	1.3552	-1.3657	1.3657	1.4224	-1.4224	-1.4976	1.4976	-1.5221	1.5221	-1.5613	1.5613	-1.587	1.587	-1.591	1.591	1.5998	-1.5998	-1.663	1.663	1.697	-1.697	1.7292	-1.7292	1.7595	-1.7595	-1.7736	1.7736	1.7972	-1.7972	1.8099	-1.8099	1.8329	-1.8329	1.8588	-1.8588	-1.9082	1.9082	1.9651	-1.9651	-2.0169	2.0169	2.0625	-2.0625	2.0699	-2.0699	-2.1033	2.1033	-2.1119	2.1119	2.1353	-2.1353	-2.2133	2.2133	2.2274	-2.2274	2.2295	-2.2295	-2.2924	2.2924	-2.2984	2.2984	2.3224	-2.3224	-2.3555	2.3555	-2.4045	2.4045	2.4511	-2.4511	-2.465	2.465	-2.5353	2.5353	-2.5435	2.5435	-2.5506	2.5506	2.598	-2.598	2.6038	-2.6038	-2.6156	2.6156	2.6661	-2.6661	-2.7051	2.7051	-2.7549	2.7549	-2.7773	2.7773	2.7929	-2.7929	-2.7977	2.7977	-2.8313	2.8313	-2.847	2.847	2.9442	-2.9442	-2.9477	2.9477	2.9634	-2.9634	-2.9671	2.9671	-2.9933	2.9933	3.0332	-3.0332	-3.0347	3.0347	-3.0347	3.0347	-3.0722	3.0722	-3.1177	3.1177	-3.1696	3.1696	3.2105	-3.2105	3.239	-3.239	-3.294	3.294	
0	-0.16	0.016378	-0.016378	-0.022165	0.022165	0.12473	-0.12473	0.21082	-0.21082	0.215	-0.215	-0.35054	0.35054	-0.39362	0.39362	0.44028	-0.44028	-0.50854	0.50854	0.53785	-0.53785	-0.57875	0.57875	-0.59327	0.59327	-0.68883	0.68883	0.70261	-0.70261	-0.70485	0.70485	0.85728	-0.85728	0.90362	-0.90362	0.94807	-0.94807	0.97204	-0.97204	1.0301	-1.0301	-1.1221	1.1221	1.1627	-1.1627	1.1669	-1.1669	-1.2015	1.2015	-1.2375	1.2375	-1.256	1.256	1.3561	-1.3561	1.3672	-1.3672	-1.4225	1.4225	-1.4966	1.4966	1.5194	-1.5194	1.5629	-1.5629	-1.5903	1.5903	1.5937	-1.5937	1.6	-1.6	1.6675	-1.6675	-1.6973	1.6973	1.7392	-1.7392	1.7597	-1.7597	1.7674	-1.7674	1.7901	-1.7901	-1.8098	1.8098	-1.8308	1.8308	-1.8587	1.8587	1.9074	-1.9074	1.9658	-1.9658	-2.017	2.017	2.0626	-2.0626	2.0699	-2.0699	2.1032	-2.1032	-2.1118	2.1118	-2.1332	2.1332	2.2085	-2.2085	-2.2285	2.2285	2.2296	-2.2296	-2.2924	2.2924	2.3007	-2.3007	2.322	-2.322	-2.3528	2.3528	2.4045	-2.4045	-2.4506	2.4506	2.4654	-2.4654	2.5358	-2.5358	2.5441	-2.5441	2.5474	-2.5474	-2.5975	2.5975	2.6031	-2.6031	-2.6131	2.6131	-2.6661	2.6661	-2.7047	2.7047	-2.7539	2.7539	2.7771	-2.7771	2.7919	-2.7919	-2.7978	2.7978	-2.8308	2.8308	-2.8471	2.8471	-2.9441	2.9441	-2.9477	2.9477	-2.9627	2.9627	-2.9673	2.9673	2.993	-2.993	3.0332	-3.0332	3.0347	-3.0347	-3.0353	3.0353	3.0724	-3.0724	-3.1177	3.1177	3.1699	-3.1699	-3.2114	3.2114	-3.2389	3.2389	-3.2944	3.2944	
0	-0.14	0.025886	-0.025886	0.028966	-0.028966	-0.13623	0.13623	0.20066	-0.20066	0.22428	-0.22428	-0.3633	0.3633	0.39465	-0.39465	0.4402	-0.4402	0.50381	-0.50381	-0.54536	0.54536	-0.58156	0.58156	0.59392	-0.59392	-0.68883	0.68883	-0.69729	0.69729	-0.69943	0.69943	0.85836	-0.85836	0.89471	-0.89471	0.94761	-0.94761	-0.96891	0.96891	1.0309	-1.0309	-1.1236	1.1236	-1.1675	1.1675	1.1728	-1.1728	1.2078	-1.2078	-1.237	1.237	1.2623	-1.2623	-1.3466	1.3466	1.3784	-1.3784	-1.4227	1.4227	-1.4951	1.4951	-1.5168	1.5168	1.5637	-1.5637	1.5897	-1.5897	-1.5997	1.5997	1.6001	-1.6001	1.6721	-1.6721	1.6974	-1.6974	1.7481	-1.7481	-1.7598	1.7598	1.7614	-1.7614	-1.7834	1.7834	-1.8097	1.8097	1.8289	-1.8289	-1.8586	1.8586	-1.9068	1.9068	1.9665	-1.9665	2.0171	-2.0171	-2.0627	2.0627	-2.0699	2.0699	-2.1033	2.1033	2.1118	-2.1118	-2.1314	2.1314	2.2041	-2.2041	2.2295	-2.2295	-2.2296	2.2296	2.2925	-2.2925	2.3032	-2.3032	-2.3217	2.3217	2.3503	-2.3503	2.4045	-2.4045	-2.4501	2.4501	2.4657	-2.4657	2.5362	-2.5362	-2.5446	2.5446	2.5447	-2.5447	-2.597	2.597	2.6025	-2.6025	2.6105	-2.6105	2.666	-2.666	2.7042	-2.7042	2.753	-2.753	2.777	-2.777	2.7911	-2.7911	2.7979	-2.7979	2.8306	-2.8306	-2.8472	2.8472	2.9441	-2.9441	-2.9477	2.9477	-2.962	2.962	2.9674	-2.9674	2.9928	-2.9928	3.0331	-3.0331	3.0348	-3.0348	-3.0358	3.0358	-3.0726	3.0726	-3.1176	3.1176	-3.1702	3.1702	-3.2123	3.2123	3.2389	-3.2389	3.2948	-3.2948	
