# phi/π evs ...
-1.04	0.02588711588	-0.02588711588	0.05561067941	-0.05561067941	0.1279585957	-0.1279585957	0.1795781796	-0.1795781796	-0.3301305438	0.3301305438	-0.366649134	0.366649134	0.4822044932	-0.4822044932	0.5576403633	-0.5576403633	0.59454057	-0.59454057	-0.6156375749	0.6156375749	0.6229365955	-0.6229365955	0.6413683813	-0.6413683813	0.6448309403	-0.6448309403	0.6950613246	-0.6950613246	0.7310882161	-0.7310882161	0.7657459165	-0.7657459165	-0.8102637225	0.8102637225	0.8173265443	-0.8173265443	-0.8316881492	0.8316881492	-0.8457355817	0.8457355817	-0.9270987458	0.9270987458	0.9772867748	-0.9772867748	1.018987805	-1.018987805	-1.049977179	1.049977179	1.152915447	-1.152915447	-1.25865804	1.25865804	-1.273457087	1.273457087	1.278634218	-1.278634218	1.40913563	-1.40913563	1.441411659	-1.441411659	1.465259706	-1.465259706	1.470781629	-1.470781629	1.475199664	-1.475199664	-1.4934682	1.4934682	1.587688209	-1.587688209	-1.669128471	1.669128471	1.774020983	-1.774020983	1.803803881	-1.803803881	-1.828345449	1.828345449	-1.830434422	1.830434422	1.845479022	-1.845479022	-1.862762776	1.862762776	-1.979234685	1.979234685	-1.985619691	1.985619691	-2.002487596	2.002487596	2.013199554	-2.013199554	-2.111842025	2.111842025	2.142112796	-2.142112796	-2.144352183	2.144352183	2.196479167	-2.196479167	2.263984067	-2.263984067	-2.2750971	2.2750971	-2.295060992	2.295060992	2.299424756	-2.299424756	2.32858604	-2.32858604	-2.379260136	2.379260136	-2.397614069	2.397614069	-2.417923547	2.417923547	-2.42238211	2.42238211	2.4555613	-2.4555613	
-1.03	0.0290230624	-0.0290230624	0.0524407132	-0.0524407132	0.1350185995	-0.1350185995	0.172094306	-0.172094306	-0.3301629517	0.3301629517	-0.3666554569	0.3666554569	-0.4823272775	0.4823272775	-0.5583176554	0.5583176554	0.5959192868	-0.5959192868	-0.6156417076	0.6156417076	-0.6262673029	0.6262673029	-0.6441482604	0.6441482604	0.6493691466	-0.6493691466	0.6882780853	-0.6882780853	0.7343031076	-0.7343031076	0.7625317245	-0.7625317245	0.8101367134	-0.8101367134	0.8147940782	-0.8147940782	-0.8315694675	0.8315694675	0.8453078513	-0.8453078513	-0.9271183343	0.9271183343	0.9757637041	-0.9757637041	1.022036013	-1.022036013	-1.049973496	1.049973496	1.149386844	-1.149386844	-1.258711804	1.258711804	-1.273426345	1.273426345	1.278547775	-1.278547775	1.409594004	-1.409594004	1.444576545	-1.444576545	1.467069642	-1.467069642	1.467655894	-1.467655894	1.47523534	-1.47523534	1.492654717	-1.492654717	1.587615115	-1.587615115	-1.669145799	1.669145799	-1.773951498	1.773951498	1.801527609	-1.801527609	-1.828432047	1.828432047	1.83042717	-1.83042717	-1.847804065	1.847804065	1.862771282	-1.862771282	-1.979354669	1.979354669	1.985942912	-1.985942912	2.002438403	-2.002438403	2.013600551	-2.013600551	2.111834658	-2.111834658	-2.142120585	2.142120585	-2.144361258	2.144361258	-2.196591061	2.196591061	2.263223891	-2.263223891	2.274875604	-2.274875604	-2.294958676	2.294958676	2.299177347	-2.299177347	2.328507791	-2.328507791	2.379617472	-2.379617472	-2.39766047	2.39766047	2.417855271	-2.417855271	-2.422398974	2.422398974	2.455995237	-2.455995237	
-1.02	0.03208644534	-0.03208644534	0.04935300029	-0.04935300029	0.1420262262	-0.1420262262	0.164591335	-0.164591335	0.330187921	-0.330187921	0.3666622794	-0.3666622794	0.4824168646	-0.4824168646	0.5588525016	-0.5588525016	0.5968720797	-0.5968720797	0.6156359827	-0.6156359827	0.6290450375	-0.6290450375	0.6442601716	-0.6442601716	-0.6565295743	0.6565295743	0.6815228887	-0.6815228887	0.7372759286	-0.7372759286	-0.7595597309	0.7595597309	0.8092177812	-0.8092177812	0.8134989397	-0.8134989397	0.8314852426	-0.8314852426	0.8449414939	-0.8449414939	0.9271348924	-0.9271348924	0.9746492037	-0.9746492037	1.025075379	-1.025075379	1.049978014	-1.049978014	1.14586137	-1.14586137	-1.258751804	1.258751804	-1.273403473	1.273403473	1.278493636	-1.278493636	1.410013734	-1.410013734	-1.447653879	1.447653879	-1.464598249	1.464598249	1.468894113	-1.468894113	1.475255743	-1.475255743	1.491833949	-1.491833949	-1.587560386	1.587560386	1.669158732	-1.669158732	1.773903196	-1.773903196	1.799238661	-1.799238661	1.828495721	-1.828495721	1.830421671	-1.830421671	1.850104388	-1.850104388	1.862782445	-1.862782445	1.979441319	-1.979441319	1.986196838	-1.986196838	-2.002391293	2.002391293	2.013935143	-2.013935143	-2.111829246	2.111829246	2.142126404	-2.142126404	2.144368746	-2.144368746	2.196690742	-2.196690742	-2.262418673	2.262418673	2.274690052	-2.274690052	-2.29482167	2.29482167	2.298876812	-2.298876812	2.328449215	-2.328449215	-2.379871323	2.379871323	2.397695691	-2.397695691	2.417803865	-2.417803865	-2.422412382	2.422412382	2.456461701	-2.456461701	
-1.01	0.03495136983	-0.03495136983	0.04647343428	-0.04647343428	0.1489749452	-0.1489749452	0.1570731468	-0.1570731468	-0.3302054655	0.3302054655	0.3666696292	-0.3666696292	0.4824731612	-0.4824731612	0.55924321	-0.55924321	-0.5973922865	0.5973922865	0.6156261113	-0.6156261113	0.6312087437	-0.6312087437	0.6442607307	-0.6442607307	0.6637519373	-0.6637519373	0.6748038615	-0.6748038615	0.7397535188	-0.7397535188	0.7570830349	-0.7570830349	0.8078497372	-0.8078497372	0.8131603042	-0.8131603042	-0.8314290588	0.8314290588	0.8446367541	-0.8446367541	0.9271484562	-0.9271484562	0.9739478402	-0.9739478402	1.028101973	-1.028101973	1.049992251	-1.049992251	1.142342444	-1.142342444	1.258777885	-1.258777885	-1.273388614	1.273388614	1.278471929	-1.278471929	1.410397168	-1.410397168	1.45050627	-1.45050627	1.461761686	-1.461761686	1.470714379	-1.470714379	1.475260543	-1.475260543	1.491006793	-1.491006793	1.587524102	-1.587524102	1.66916727	-1.66916727	1.773876515	-1.773876515	1.796938023	-1.796938023	-1.828541532	1.828541532	-1.830417926	1.830417926	1.852373005	-1.852373005	1.862796696	-1.862796696	1.979494548	-1.979494548	1.986383958	-1.986383958	2.002347028	-2.002347028	-2.014199091	2.014199091	-2.111825802	2.111825802	2.142130241	-2.142130241	2.144374622	-2.144374622	2.196778257	-2.196778257	2.261569071	-2.261569071	2.274541767	-2.274541767	2.294636789	-2.294636789	-2.29853742	2.29853742	2.32841038	-2.32841038	-2.38002134	2.38002134	-2.397719518	2.397719518	2.417769549	-2.417769549	-2.422422333	2.422422333	2.456959407	-2.456959407	
-1	0.03709486767	-0.03709486767	0.04432498254	-0.04432498254	0.1495434135	-0.1495434135	0.1558577554	-0.1558577554	0.3302155915	-0.3302155915	0.3666775302	-0.3666775302	0.4824961019	-0.4824961019	0.5594881826	-0.5594881826	0.5974763265	-0.5974763265	0.6156133906	-0.6156133906	0.6327049772	-0.6327049772	0.6442464216	-0.6442464216	0.6681295101	-0.6681295101	0.6709400731	-0.6709400731	0.7412059551	-0.7412059551	0.7556315308	-0.7556315308	0.8067111618	-0.8067111618	0.8131509964	-0.8131509964	0.8313978643	-0.8313978643	-0.8443937847	0.8443937847	0.9271590713	-0.9271590713	0.973660771	-0.973660771	1.031111252	-1.031111252	1.050018673	-1.050018673	1.138833892	-1.138833892	1.258789942	-1.258789942	-1.273381864	1.273381864	1.278482723	-1.278482723	1.410746495	-1.410746495	1.452561995	-1.452561995	1.459711869	-1.459711869	-1.472533605	1.472533605	1.475249388	-1.475249388	-1.490174226	1.490174226	-1.587506313	1.587506313	-1.669171411	1.669171411	1.773871813	-1.773871813	-1.794626693	1.794626693	1.82857275	-1.82857275	-1.830415936	1.830415936	-1.854604307	1.854604307	-1.862814912	1.862814912	1.979514299	-1.979514299	1.986506089	-1.986506089	2.002306059	-2.002306059	2.014389344	-2.014389344	-2.111824333	2.111824333	-2.142132087	2.142132087	-2.144378867	2.144378867	-2.196853661	2.196853661	2.260675807	-2.260675807	2.274431781	-2.274431781	2.294383699	-2.294383699	-2.298180912	2.298180912	2.328391329	-2.328391329	-2.38006727	2.38006727	2.397731805	-2.397731805	-2.417752469	2.417752469	2.422428827	-2.422428827	-2.457486935	2.457486935	
-0.99	0.03694762568	-0.03694762568	0.0444769588	-0.0444769588	0.1420056313	-0.1420056313	0.1626671263	-0.1626671263	0.3302182977	-0.3302182977	0.366686003	-0.366686003	0.4824856487	-0.4824856487	-0.5595859136	0.5595859136	0.5971238431	-0.5971238431	-0.6155976369	0.6155976369	-0.6334906077	0.6334906077	-0.6442412391	0.6442412391	0.6615088073	-0.6615088073	0.6780726556	-0.6780726556	0.7410042399	-0.7410042399	0.7558342007	-0.7558342007	-0.8060854313	0.8060854313	0.8132264127	-0.8132264127	0.831390036	-0.831390036	-0.8442126231	0.8442126231	-0.9271667941	0.9271667941	0.9737855359	-0.9737855359	1.034097166	-1.034097166	-1.050061539	1.050061539	1.135340043	-1.135340043	-1.258787928	1.258787928	1.273383263	-1.273383263	-1.278526017	1.278526017	-1.411063747	1.411063747	1.45224798	-1.45224798	-1.460022051	1.460022051	1.474348957	-1.474348957	1.475221894	-1.475221894	1.489337312	-1.489337312	1.587507046	-1.587507046	1.669171153	-1.669171153	1.773889375	-1.773889375	1.792305689	-1.792305689	1.828591564	-1.828591564	1.8304157	-1.8304157	1.856792577	-1.856792577	1.862839178	-1.862839178	1.979500546	-1.979500546	1.986564395	-1.986564395	-2.002268551	2.002268551	-2.01450401	2.01450401	2.111824843	-2.111824843	2.142131937	-2.142131937	2.144381463	-2.144381463	2.196917018	-2.196917018	-2.259739666	2.259739666	-2.274360827	2.274360827	-2.29403586	2.29403586	2.297835542	-2.297835542	2.328392083	-2.328392083	2.380008954	-2.380008954	2.397732471	-2.397732471	2.417752703	-2.417752703	2.422431862	-2.422431862	2.458042747	-2.458042747	
-0.98	0.03467787369	-0.03467787369	0.04676113568	-0.04676113568	0.1344631494	-0.1344631494	0.1693949345	-0.1693949345	0.3302135748	-0.3302135748	0.3666950647	-0.3666950647	0.4824417913	-0.4824417913	0.5595349788	-0.5595349788	0.5963377523	-0.5963377523	0.6155776706	-0.6155776706	0.6335417278	-0.6335417278	0.6442566198	-0.6442566198	0.6549512609	-0.6549512609	0.6851371714	-0.6851371714	0.7392572263	-0.7392572263	0.7575821827	-0.7575821827	0.8060494969	-0.8060494969	0.8133331789	-0.8133331789	0.8314046431	-0.8314046431	0.8440931728	-0.8440931728	0.9271716932	-0.9271716932	-0.9743159319	0.9743159319	1.03705022	-1.03705022	1.05012882	-1.05012882	-1.131865832	1.131865832	1.258771852	-1.258771852	-1.2733928	1.2733928	1.278601749	-1.278601749	1.411350805	-1.411350805	1.449910711	-1.449910711	1.462345771	-1.462345771	1.475177631	-1.475177631	1.476157975	-1.476157975	1.488497219	-1.488497219	1.5875263	-1.5875263	1.669166497	-1.669166497	1.773929422	-1.773929422	1.789976045	-1.789976045	-1.828599487	1.828599487	1.830417216	-1.830417216	1.858928461	-1.858928461	1.862875895	-1.862875895	1.979453294	-1.979453294	1.986559395	-1.986559395	2.00223438	-2.00223438	-2.014542341	2.014542341	2.11182733	-2.11182733	2.142129791	-2.142129791	-2.144382395	2.144382395	2.196968397	-2.196968397	2.258761502	-2.258761502	-2.274329341	2.274329341	2.293565887	-2.293565887	-2.29753069	2.29753069	2.328412639	-2.328412639	2.379846324	-2.379846324	-2.397721505	2.397721505	-2.417770257	2.417770257	-2.422431439	2.422431439	2.458625202	-2.458625202	
-0.97	0.03178439683	-0.03178439683	0.0496787327	-0.0496787327	0.1269191942	-0.1269191942	0.176032396	-0.176032396	0.3302014057	-0.3302014057	0.3667047295	-0.3667047295	0.4823645467	-0.4823645467	-0.5593340172	0.5593340172	0.595124207	-0.595124207	-0.6155510769	0.6155510769	0.6328623388	-0.6328623388	-0.6442920883	0.6442920883	0.6484669679	-0.6484669679	0.6921226268	-0.6921226268	0.7366333073	-0.7366333073	0.760207078	-0.760207078	-0.8065860189	0.8065860189	0.8134955285	-0.8134955285	0.8314411325	-0.8314411325	-0.8440351895	0.8440351895	0.9271738519	-0.9271738519	0.9752419678	-0.9752419678	-1.039952566	1.039952566	1.050237065	-1.050237065	1.128416942	-1.128416942	-1.25874178	1.25874178	-1.273410408	1.273410408	-1.278709793	1.278709793	-1.411609406	1.411609406	1.446982964	-1.446982964	1.465250259	-1.465250259	1.475116107	-1.475116107	1.477958438	-1.477958438	1.487655235	-1.487655235	1.587564048	-1.587564048	1.66915744	-1.66915744	1.773992114	-1.773992114	-1.787638818	1.787638818	1.828597592	-1.828597592	1.83042048	-1.83042048	1.860977013	-1.860977013	1.862957505	-1.862957505	1.979372578	-1.979372578	-1.98649097	1.98649097	2.002203136	-2.002203136	-2.014504731	2.014504731	-2.111831788	2.111831788	2.142125652	-2.142125652	2.144381652	-2.144381652	2.197007879	-2.197007879	2.257742232	-2.257742232	2.274337455	-2.274337455	2.292954713	-2.292954713	2.297287688	-2.297287688	2.328452972	-2.328452972	-2.379579412	2.379579412	-2.397698964	2.397698964	2.417805062	-2.417805062	2.422427557	-2.422427557	2.459232577	-2.459232577	
-0.96	0.0287143804	-0.0287143804	0.05278257155	-0.05278257155	0.1193768917	-0.1193768917	0.1825699925	-0.1825699925	0.3301817653	-0.3301817653	0.3667150083	-0.3667150083	0.4822539589	-0.4822539589	0.558981695	-0.558981695	0.5934924942	-0.5934924942	0.615513273	-0.615513273	0.6314842317	-0.6314842317	0.642066648	-0.642066648	-0.6443379355	0.6443379355	0.6990176809	-0.6990176809	0.7335910118	-0.7335910118	0.7632503539	-0.7632503539	0.8075804173	-0.8075804173	0.8138186235	-0.8138186235	0.831499194	-0.831499194	0.8440382714	-0.8440382714	0.9271733715	-0.9271733715	0.9765498805	-0.9765498805	1.042763631	-1.042763631	1.050425765	-1.050425765	1.124999977	-1.124999977	1.258697831	-1.258697831	1.273435973	-1.273435973	-1.278849957	1.278849957	1.411841152	-1.411841152	1.443877126	-1.443877126	-1.468323121	1.468323121	1.475036748	-1.475036748	1.479748333	-1.479748333	-1.486812788	1.486812788	1.587620238	-1.587620238	-1.669143984	1.669143984	-1.774077557	1.774077557	1.78529509	-1.78529509	1.828586656	-1.828586656	1.830425488	-1.830425488	-1.862510511	1.862510511	1.863509515	-1.863509515	1.979258464	-1.979258464	1.986358365	-1.986358365	2.002174112	-2.002174112	2.014392727	-2.014392727	2.111838207	-2.111838207	2.142119527	-2.142119527	2.144379228	-2.144379228	-2.197035551	2.197035551	2.256682844	-2.256682844	2.274384997	-2.274384997	2.29219765	-2.29219765	-2.297113732	2.297113732	-2.328513034	2.328513034	-2.379208342	2.379208342	2.397664975	-2.397664975	-2.417856977	2.417856977	-2.422420216	2.422420216	2.45986308	-2.45986308	
-0.95	0.02557823005	-0.02557823005	0.05596225607	-0.05596225607	0.1118392864	-0.1118392864	0.188997394	-0.188997394	0.3301546201	-0.3301546201	0.3667259091	-0.3667259091	0.4821100982	-0.4821100982	0.558476647	-0.558476647	0.5914549042	-0.5914549042	0.6154550579	-0.6154550579	0.6294600509	-0.6294600509	0.6357616453	-0.6357616453	0.6443831703	-0.6443831703	0.705809755	-0.705809755	0.7303404169	-0.7303404169	-0.7665019304	0.7665019304	0.8087534991	-0.8087534991	0.8145582777	-0.8145582777	0.8315787267	-0.8315787267	0.8441018533	-0.8441018533	-0.9271703747	0.9271703747	0.9782221904	-0.9782221904	1.045372057	-1.045372057	1.050805386	-1.050805386	1.121622687	-1.121622687	-1.258640179	1.258640179	-1.27346933	1.27346933	1.279021987	-1.279021987	1.412047523	-1.412047523	1.440697453	-1.440697453	1.471460091	-1.471460091	1.474938867	-1.474938867	1.481525837	-1.481525837	-1.485971475	1.485971475	1.58769479	-1.58769479	1.669126127	-1.669126127	-1.774185804	1.774185804	1.782945969	-1.782945969	-1.828567249	1.828567249	1.830432233	-1.830432233	1.862784064	-1.862784064	1.8652748	-1.8652748	1.979111048	-1.979111048	1.986160176	-1.986160176	2.002146291	-2.002146291	2.01420905	-2.01420905	2.111846572	-2.111846572	-2.142111429	2.142111429	2.144375118	-2.144375118	2.197051513	-2.197051513	-2.255584389	2.255584389	2.274471492	-2.274471492	-2.291302048	2.291302048	-2.297004215	2.297004215	2.328592753	-2.328592753	2.378733336	-2.378733336	2.397619731	-2.397619731	2.417925795	-2.417925795	2.422409415	-2.422409415	-2.460514866	2.460514866	
-0.94	0.02241274692	-0.02241274692	0.05918099716	-0.05918099716	0.1043093595	-0.1043093595	0.1953033768	-0.1953033768	0.3301199281	-0.3301199281	0.366737437	-0.366737437	0.4819330606	-0.4819330606	0.5578173719	-0.5578173719	0.5890266239	-0.5890266239	-0.6153555765	0.6153555765	0.6268617393	-0.6268617393	0.629563883	-0.629563883	-0.6444208814	0.6444208814	0.712484305	-0.712484305	0.7269761291	-0.7269761291	0.7698671991	-0.7698671991	0.8096668505	-0.8096668505	0.8161194409	-0.8161194409	-0.8316799122	0.8316799122	0.8442252048	-0.8442252048	0.9271650113	-0.9271650113	0.9802377561	-0.9802377561	1.047464064	-1.047464064	1.051688999	-1.051688999	1.118294258	-1.118294258	1.258569045	-1.258569045	1.273510267	-1.273510267	-1.279225566	1.279225566	1.412229884	-1.412229884	1.437479345	-1.437479345	1.474625757	-1.474625757	1.474821638	-1.474821638	1.483289303	-1.483289303	1.485133093	-1.485133093	1.587787599	-1.587787599	1.669103871	-1.669103871	1.774316859	-1.774316859	1.780592592	-1.780592592	-1.828539794	1.828539794	1.830440708	-1.830440708	-1.862849839	1.862849839	1.86719931	-1.86719931	-1.978930456	1.978930456	1.985894338	-1.985894338	2.002118328	-2.002118328	-2.013957623	2.013957623	-2.111856863	2.111856863	2.142101372	-2.142101372	2.144369323	-2.144369323	2.197055871	-2.197055871	2.254447987	-2.254447987	2.274596158	-2.274596158	2.29028049	-2.29028049	-2.29694951	2.29694951	2.328692036	-2.328692036	-2.378154708	2.378154708	2.397563485	-2.397563485	-2.41801124	2.41801124	2.422395156	-2.422395156	2.46118606	-2.46118606	
-0.93	0.01923335977	-0.01923335977	0.06242338072	-0.06242338072	0.09679004448	-0.09679004448	0.2014757396	-0.2014757396	0.3300776388	-0.3300776388	0.3667495941	-0.3667495941	0.4817229671	-0.4817229671	0.5570020482	-0.5570020482	0.5862257347	-0.5862257347	0.6151576913	-0.6151576913	0.6234857514	-0.6234857514	0.6238008107	-0.6238008107	0.6444485531	-0.6444485531	0.7190240063	-0.7190240063	0.7235443256	-0.7235443256	0.7732999811	-0.7732999811	0.8100997743	-0.8100997743	0.8186838014	-0.8186838014	-0.831803518	0.831803518	0.8444074307	-0.8444074307	0.9271574651	-0.9271574651	-0.9825717878	0.9825717878	1.048643145	-1.048643145	1.053472566	-1.053472566	1.115025683	-1.115025683	-1.258484695	1.258484695	-1.273558537	1.273558537	1.279460318	-1.279460318	-1.412389495	1.412389495	1.434237815	-1.434237815	1.474684049	-1.474684049	1.477805092	-1.477805092	1.48429968	-1.48429968	1.485037246	-1.485037246	1.587898536	-1.587898536	1.669077214	-1.669077214	-1.77447068	1.77447068	1.778236127	-1.778236127	1.828504607	-1.828504607	1.830450903	-1.830450903	1.862891863	-1.862891863	1.869097224	-1.869097224	1.978716846	-1.978716846	-1.985558106	1.985558106	2.002088525	-2.002088525	-2.013643605	2.013643605	2.111869057	-2.111869057	2.142089376	-2.142089376	2.144361847	-2.144361847	2.197048742	-2.197048742	-2.253274824	2.253274824	2.274757899	-2.274757899	2.289145704	-2.289145704	2.296940055	-2.296940055	2.328810765	-2.328810765	2.377472868	-2.377472868	-2.397496547	2.397496547	2.41811298	-2.41811298	2.422377438	-2.422377438	2.461874764	-2.461874764	
-0.92	0.01604763661	-0.01604763661	0.06568185606	-0.06568185606	0.08928424182	-0.08928424182	-0.2075012191	0.2075012191	0.3300276925	-0.3300276925	0.366762379	-0.366762379	0.4814799619	-0.4814799619	0.5560281927	-0.5560281927	-0.5830734288	0.5830734288	0.6146571269	-0.6146571269	0.6175399118	-0.6175399118	0.6205369752	-0.6205369752	0.6444662909	-0.6444662909	0.7200696083	-0.7200696083	0.7254077157	-0.7254077157	0.776775673	-0.776775673	-0.810192939	0.810192939	-0.8220700188	0.8220700188	-0.8319520457	0.8319520457	-0.8446474751	0.8446474751	-0.9271479636	0.9271479636	0.9851957664	-0.9851957664	-1.049157563	1.049157563	1.055907437	-1.055907437	-1.111830254	1.111830254	1.258387434	-1.258387434	1.273613852	-1.273613852	-1.279725805	1.279725805	1.412527522	-1.412527522	1.43098028	-1.43098028	1.47452486	-1.47452486	-1.480990658	1.480990658	-1.483473563	1.483473563	1.486768331	-1.486768331	-1.588027447	1.588027447	1.669046159	-1.669046159	-1.774647181	1.774647181	1.775877776	-1.775877776	-1.828461924	1.828461924	1.830462807	-1.830462807	1.862928281	-1.862928281	1.870948666	-1.870948666	1.978470403	-1.978470403	1.985148049	-1.985148049	2.002054807	-2.002054807	-2.013273422	2.013273422	2.111883127	-2.111883127	2.142075464	-2.142075464	-2.144352698	2.144352698	2.197030254	-2.197030254	-2.252066154	2.252066154	2.274955302	-2.274955302	-2.287908589	2.287908589	2.296968328	-2.296968328	2.328948802	-2.328948802	2.376688319	-2.376688319	2.397419277	-2.397419277	-2.418230628	2.418230628	2.422356262	-2.422356262	2.462579078	-2.462579078	
-0.91	0.01285973409	-0.01285973409	0.06895228656	-0.06895228656	0.08179483316	-0.08179483316	0.2133654086	-0.2133654086	0.3299700209	-0.3299700209	0.3667757876	-0.3667757876	0.4812042118	-0.4812042118	0.5548920126	-0.5548920126	0.5795946259	-0.5795946259	0.6117390039	-0.6117390039	0.613066027	-0.613066027	0.6179127579	-0.6179127579	0.6444752617	-0.6444752617	0.7165661148	-0.7165661148	0.7316090936	-0.7316090936	0.7802801359	-0.7802801359	-0.810122284	0.810122284	0.8260584082	-0.8260584082	0.8321358868	-0.8321358868	-0.8449441273	0.8449441273	0.9271367911	-0.9271367911	0.9880772123	-0.9880772123	1.049412886	-1.049412886	1.058587805	-1.058587805	-1.108724197	1.108724197	-1.258277603	1.258277603	1.273675899	-1.273675899	1.280021535	-1.280021535	1.412645037	-1.412645037	1.427710835	-1.427710835	1.474342543	-1.474342543	1.482657409	-1.482657409	1.48417834	-1.48417834	1.488481368	-1.488481368	1.588174154	-1.588174154	1.669010705	-1.669010705	1.773518778	-1.773518778	-1.774846235	1.774846235	-1.828411918	1.828411918	1.830476408	-1.830476408	-1.862963465	1.862963465	1.87274757	-1.87274757	1.978191344	-1.978191344	1.984660045	-1.984660045	2.002014687	-2.002014687	-2.012854791	2.012854791	2.111899041	-2.111899041	2.142059663	-2.142059663	2.144341888	-2.144341888	2.197000542	-2.197000542	2.250823299	-2.250823299	2.275186603	-2.275186603	2.286578054	-2.286578054	2.297029024	-2.297029024	-2.329105986	2.329105986	-2.375801654	2.375801654	2.397332079	-2.397332079	2.418363749	-2.418363749	-2.422331628	2.422331628	2.463297108	-2.463297108	
-0.9	0.009672141128	-0.009672141129	0.07223220609	-0.07223220609	0.07432469414	-0.07432469414	0.2190526841	-0.2190526841	0.3299045458	-0.3299045458	0.3667898118	-0.3667898118	0.4808959039	-0.4808959039	0.5535871358	-0.5535871358	0.5758193139	-0.5758193139	0.6060952617	-0.6060952617	0.6095608473	-0.6095608473	0.6168039553	-0.6168039553	-0.6444768452	0.6444768452	0.7130424936	-0.7130424936	0.7375947789	-0.7375947789	0.7838047202	-0.7838047202	0.80999811	-0.80999811	-0.8304060662	0.8304060662	0.832463411	-0.832463411	0.8452960295	-0.8452960295	-0.9271243069	0.9271243069	0.9911792413	-0.9911792413	-1.049570767	1.049570767	1.061351917	-1.061351917	-1.1057275	1.1057275	1.258155571	-1.258155571	1.273744338	-1.273744338	1.280346958	-1.280346958	1.412743028	-1.412743028	1.42443195	-1.42443195	1.474135235	-1.474135235	-1.48185428	1.48185428	1.487365631	-1.487365631	1.490175316	-1.490175316	1.588338454	-1.588338454	1.668970854	-1.668970854	1.771160408	-1.771160408	1.775067673	-1.775067673	1.828354717	-1.828354717	-1.830491693	1.830491693	-1.862998987	1.862998987	1.87449069	-1.87449069	1.977879914	-1.977879914	-1.984089309	1.984089309	-2.001965243	2.001965243	2.012396704	-2.012396704	-2.111916763	2.111916763	-2.142042004	2.142042004	2.144329432	-2.144329432	2.196959755	-2.196959755	2.249547645	-2.249547645	-2.275449623	2.275449623	2.2851615	-2.2851615	-2.297118639	2.297118639	2.329282137	-2.329282137	-2.37481356	2.37481356	2.397235391	-2.397235391	2.418511871	-2.418511871	2.422303538	-2.422303538	-2.464026983	2.464026983	
-0.89	0.006486455199	-0.0064864552	0.06687670707	-0.06687670707	0.07552004275	-0.07552004275	0.2245461434	-0.2245461434	0.3298311795	-0.3298311795	0.3668044401	-0.3668044401	0.4805552432	-0.4805552432	0.5521020606	-0.5521020606	0.5717852553	-0.5717852553	0.6006200641	-0.6006200641	0.6049626833	-0.6049626833	-0.6164380541	0.6164380541	0.64447229	-0.64447229	0.7095043142	-0.7095043142	0.7433220483	-0.7433220483	0.7873438551	-0.7873438551	0.809897344	-0.809897344	0.8323192132	-0.8323192132	-0.835640269	0.835640269	-0.8457016864	0.8457016864	0.9271109713	-0.9271109713	-0.994459848	0.994459848	-1.049686546	1.049686546	1.064144461	-1.064144461	1.102864981	-1.102864981	-1.258021727	1.258021727	-1.273818813	1.273818813	1.280701474	-1.280701474	1.412822373	-1.412822373	1.421145248	-1.421145248	1.473900688	-1.473900688	1.481067675	-1.481067675	1.490550737	-1.490550737	-1.491849418	1.491849418	1.588520126	-1.588520126	1.668926607	-1.668926607	1.768803985	-1.768803985	-1.775311288	1.775311288	1.828290408	-1.828290408	1.830508644	-1.830508644	-1.863035552	1.863035552	1.876175661	-1.876175661	1.977536387	-1.977536387	-1.98343045	1.98343045	2.001903107	-2.001903107	-2.01190938	2.01190938	2.111936255	-2.111936255	2.14202252	-2.14202252	2.144315349	-2.144315349	2.196908048	-2.196908048	-2.248240648	2.248240648	-2.275741582	2.275741582	2.283665471	-2.283665471	-2.297235007	2.297235007	2.32947705	-2.32947705	-2.37372481	2.37372481	-2.397129685	2.397129685	-2.418674487	2.418674487	-2.422271992	2.422271992	2.464766859	-2.464766859	
-0.88	0.003303763268	-0.003303763268	0.05945377329	-0.05945377329	0.07881473797	-0.07881473797	0.2298275685	-0.2298275685	0.3297498243	-0.3297498243	0.3668196567	-0.3668196567	0.4801824501	-0.4801824501	0.5504149281	-0.5504149281	0.5675434084	-0.5675434084	0.5953234668	-0.5953234668	0.5998439613	-0.5998439613	-0.616286797	0.616286797	-0.6444626196	0.6444626196	0.7059553203	-0.7059553203	-0.7487360668	0.7487360668	0.7908937956	-0.7908937956	-0.8098898332	0.8098898332	0.8326104717	-0.8326104717	0.8407893702	-0.8407893702	-0.8461594758	0.8461594758	0.9270973831	-0.9270973831	0.9978708614	-0.9978708614	1.049782178	-1.049782178	1.066943633	-1.066943633	1.100167642	-1.100167642	-1.257876483	1.257876483	1.273898953	-1.273898953	1.281084432	-1.281084432	1.412883729	-1.412883729	1.41785201	-1.41785201	1.473636263	-1.473636263	1.480301542	-1.480301542	1.493497687	-1.493497687	1.493737703	-1.493737703	1.588718923	-1.588718923	1.668877968	-1.668877968	-1.76645087	1.76645087	1.775576836	-1.775576836	1.828219049	-1.828219049	1.830527246	-1.830527246	1.863073529	-1.863073529	1.877800452	-1.877800452	-1.977161065	1.977161065	1.982677572	-1.982677572	2.001824488	-2.001824488	-2.011404118	2.011404118	-2.111957473	2.111957473	-2.142001248	2.142001248	-2.144299662	2.144299662	2.196845589	-2.196845589	2.246903826	-2.246903826	2.276058512	-2.276058512	2.282096614	-2.282096614	-2.297376919	2.297376919	2.329690502	-2.329690502	-2.372536263	2.372536264	-2.397015449	2.397015449	2.418851066	-2.418851066	2.422236992	-2.422236992	-2.465514935	2.465514935	
-0.87	0.0001248435518	-0.0001248435521	0.05205882536	-0.05205882536	0.08211554481	-0.08211554481	0.2348774179	-0.2348774179	0.3296603719	-0.3296603719	0.3668354415	-0.3668354415	0.4797777562	-0.4797777562	0.5484828633	-0.5484828633	0.5631687636	-0.5631687636	0.590213768	-0.590213768	0.5943807347	-0.5943807347	-0.6162136092	0.6162136092	-0.6444486395	0.6444486395	0.7023981206	-0.7023981206	0.7537672784	-0.7537672784	-0.7944519316	0.7944519316	0.8100513738	-0.8100513738	0.8328640871	-0.8328640871	0.8462754595	-0.8462754595	-0.8466676604	0.8466676604	0.9270843352	-0.9270843352	1.001356558	-1.001356558	-1.049867793	1.049867793	1.069739568	-1.069739568	1.097674316	-1.097674316	1.25772026	-1.25772026	1.273984379	-1.273984379	1.281495132	-1.281495132	1.412925869	-1.412925869	1.414555032	-1.414555032	-1.473338985	1.473338985	1.479560214	-1.479560214	1.495132029	-1.495132029	1.496913083	-1.496913083	1.588934581	-1.588934581	1.668824936	-1.668824936	1.764102469	-1.764102469	1.775864035	-1.775864035	1.828140675	-1.828140675	1.830547479	-1.830547479	1.863113131	-1.863113131	1.879363186	-1.879363186	-1.97675428	1.97675428	-1.981824424	1.981824424	2.001725255	-2.001725255	-2.010893058	2.010893058	-2.111980373	2.111980373	-2.141978228	2.141978228	2.144282395	-2.144282395	2.196772553	-2.196772553	2.245538764	-2.245538764	2.276392801	-2.276392801	-2.280464411	2.280464411	-2.297543855	2.297543855	-2.329922251	2.329922251	-2.371248867	2.371248867	-2.396893191	2.396893191	2.419041059	-2.419041059	-2.42219854	2.42219854	-2.466269454	2.466269454	
-0.86	0.003049720837	-0.003049720837	-0.04469483953	0.04469483953	0.08542191433	-0.08542191433	-0.2396748654	0.2396748654	0.3295627031	-0.3295627031	-0.3668517691	0.3668517691	0.4793413996	-0.4793413996	0.546221963	-0.546221963	-0.5587804569	0.5587804569	0.5852971506	-0.5852971506	0.588649667	-0.588649667	0.6161766841	-0.6161766841	-0.6444309755	0.6444309755	0.69883459	-0.69883459	0.75833043	-0.75833043	0.7980163865	-0.7980163865	-0.8104691557	0.8104691557	-0.8331255984	0.8331255984	0.8472244	-0.8472244	0.85201079	-0.85201079	0.9270728996	-0.9270728996	1.004852007	-1.004852007	-1.049948647	1.049948647	1.072527378	-1.072527378	1.095433533	-1.095433533	-1.257553487	1.257553487	-1.27407471	1.27407471	-1.281932834	1.281932834	-1.411240933	1.411240933	1.412963499	-1.412963499	1.473005719	-1.473005719	1.478848238	-1.478848238	-1.496740916	1.496740916	1.500087151	-1.500087151	1.589166816	-1.589166816	1.668767516	-1.668767516	-1.761760236	1.761760236	1.77617257	-1.77617257	1.828055295	-1.828055295	-1.830569323	1.830569323	1.863154493	-1.863154493	-1.880862051	1.880862051	-1.97631639	1.97631639	1.980864606	-1.980864606	-2.001601129	2.001601129	-2.010388763	2.010388763	-2.112004905	2.112004905	-2.141953503	2.141953503	2.144263578	-2.144263578	2.196689128	-2.196689128	2.244147111	-2.244147111	-2.276715725	2.276715725	2.278798841	-2.278798841	2.297735794	-2.297735794	-2.330172034	2.330172034	-2.369863647	2.369863647	2.396763427	-2.396763427	2.419243902	-2.419243902	-2.422156638	2.422156638	2.467028717	-2.467028717	
-0.85	0.006219474528	-0.006219474529	0.03736484844	-0.03736484844	0.0887334283	-0.0887334283	0.2441978961	-0.2441978961	0.3294566871	-0.3294566871	0.3668686085	-0.3668686085	0.4788736181	-0.4788736181	0.5434817233	-0.5434817233	0.5545673183	-0.5545673183	0.5805774402	-0.5805774402	0.5826976192	-0.5826976192	-0.6161596869	0.6161596869	0.644410114	-0.644410114	0.6952661125	-0.6952661125	0.7623281365	-0.7623281365	0.8015857745	-0.8015857745	-0.8112402287	0.8112402287	0.8334015405	-0.8334015405	0.8478277646	-0.8478277646	0.8579529339	-0.8579529339	0.927064561	-0.927064561	1.008281414	-1.008281414	1.050027726	-1.050027726	1.075304539	-1.075304539	1.093505345	-1.093505345	1.257376601	-1.257376601	1.274169565	-1.274169565	1.282396754	-1.282396754	1.407933007	-1.407933007	1.412974476	-1.412974476	-1.47263352	1.47263352	1.478170021	-1.478170021	1.498326672	-1.498326672	1.503256537	-1.503256537	1.589415325	-1.589415325	1.66870571	-1.66870571	1.759425678	-1.759425678	1.776502091	-1.776502091	1.827962906	-1.827962906	1.830592756	-1.830592756	1.863197706	-1.863197706	1.882295266	-1.882295266	-1.975847781	1.975847781	1.979791817	-1.979791817	2.001448007	-2.001448007	2.009903644	-2.009903644	-2.112031017	2.112031017	2.141927119	-2.141927119	-2.14424324	2.14424324	2.196595508	-2.196595508	2.242730577	-2.242730577	-2.276596024	2.276596024	2.277531944	-2.277531944	2.29795308	-2.29795308	2.33043957	-2.33043957	2.368381713	-2.368381713	2.396626674	-2.396626674	2.419459026	-2.419459026	-2.422111288	2.422111288	2.46779108	-2.46779108	
-0.84	0.009384048208	-0.009384048208	0.03007195451	-0.03007195451	-0.09204975762	0.09204975762	0.2484234789	-0.2484234789	-0.3293421812	0.3293421812	-0.3668859219	0.3668859219	-0.4783746405	0.4783746405	0.5400613579	-0.5400613579	-0.5507713166	0.5507713166	-0.5760560432	0.5760560432	-0.5765587958	0.5765587958	-0.6161550181	0.6161550181	-0.6443864374	0.6443864374	-0.6916937342	0.6916937342	0.7656627196	-0.7656627196	-0.805159047	0.805159047	-0.8124606501	0.8124606501	-0.8336936456	0.8336936456	-0.8484757473	0.8484757473	0.8640689429	-0.8640689429	-0.927061434	0.927061434	-1.011557107	1.011557107	1.050106856	-1.050106856	-1.078069773	1.078069773	1.091962461	-1.091962461	1.257190034	-1.257190034	-1.274268567	1.274268567	-1.28288607	1.28288607	-1.404618072	1.404618072	-1.412973004	1.412973004	-1.472220155	1.472220155	-1.477529307	1.477529307	1.499888894	-1.499888894	-1.506420759	1.506420759	1.589679789	-1.589679789	1.668639522	-1.668639522	-1.757100351	1.757100351	1.776852216	-1.776852216	-1.827863485	1.827863485	1.830617753	-1.830617753	-1.863242839	1.863242839	1.883661056	-1.883661056	-1.975348864	1.975348864	-1.978600134	1.978600134	-2.001262429	2.001262429	2.009449187	-2.009449187	-2.112058656	2.112058656	2.141899124	-2.141899124	-2.144221415	2.144221415	2.196491899	-2.196491899	-2.241290935	2.241290935	-2.275002452	2.275002452	2.277695373	-2.277695373	-2.298196324	2.298196324	2.330724558	-2.330724558	-2.366804252	2.366804252	-2.39648345	2.39648345	-2.419685861	2.419685861	-2.422062492	2.422062492	-2.468554966	2.468554966	
-0.83	0.01254313168	-0.01254313168	0.02281934433	-0.02281934433	-0.09537063557	0.09537063557	0.2523278291	-0.2523278291	-0.32921903	0.32921903	0.3669036641	-0.3669036641	-0.4778446739	0.4778446739	0.5358467672	-0.5358467672	-0.5475499815	0.5475499815	-0.5702603428	0.5702603428	0.5717322041	-0.5717322041	-0.6161586741	0.6161586741	0.6443602507	-0.6443602507	-0.6881182628	0.6881182628	-0.7682574421	0.7682574421	-0.8087353935	0.8087353935	0.8142047611	-0.8142047611	-0.8340024494	0.8340024494	-0.8491662774	0.8491662774	-0.8703303932	0.8703303932	0.9270666341	-0.9270666341	-1.014580339	1.014580339	1.050187221	-1.050187221	1.080822517	-1.080822517	-1.090889534	1.090889534	-1.25699422	1.25699422	-1.274371346	1.274371346	-1.283399928	1.283399928	1.401298259	-1.401298259	-1.412957877	1.412957877	-1.471764728	1.471764728	-1.476928551	1.476928551	-1.501427161	1.501427161	1.509579482	-1.509579482	1.589959871	-1.589959871	-1.668568955	1.668568955	1.75478587	-1.75478587	-1.777222528	1.777222528	-1.827757	1.827757	1.830644288	-1.830644288	1.863289942	-1.863289942	-1.884957644	1.884957644	1.974820079	-1.974820079	-1.977284293	1.977284293	2.001042148	-2.001042148	-2.009035101	2.009035101	-2.112087765	2.112087765	-2.141869568	2.141869568	2.144198139	-2.144198139	2.196378516	-2.196378516	2.239830015	-2.239830015	2.273139618	-2.273139618	-2.278084641	2.278084641	-2.298466329	2.298466329	-2.331026682	2.331026682	-2.365132525	2.365132525	2.396334266	-2.396334266	2.419923836	-2.419923836	-2.422010254	2.422010254	2.469318863	-2.469318863	
-0.82	0.01561015546	-0.01561015546	0.01569660471	-0.01569660471	0.09869584022	-0.09869584022	0.2558867762	-0.2558867762	0.3290870642	-0.3290870642	0.366921781	-0.366921781	0.4772838866	-0.4772838866	0.530928895	-0.530928895	0.5448568063	-0.5448568063	0.5638247165	-0.5638247165	0.5676038231	-0.5676038231	-0.6161683403	0.6161683403	0.6443318022	-0.6443318022	0.6845403338	-0.6845403338	0.7700802074	-0.7700802074	0.8123141749	-0.8123141749	-0.8165017557	0.8165017557	0.8343281003	-0.8343281003	0.8498972336	-0.8498972336	0.8767111874	-0.8767111874	-0.9270849406	0.9270849406	1.017245627	-1.017245627	1.050269632	-1.050269632	1.083562635	-1.083562635	1.090378877	-1.090378877	1.256789586	-1.256789586	1.274477541	-1.274477541	1.283937441	-1.283937441	1.397974005	-1.397974005	1.412929508	-1.412929508	-1.471268224	1.471268224	1.47636837	-1.47636837	1.502941102	-1.502941102	1.512732425	-1.512732425	1.590255222	-1.590255222	-1.668494015	1.668494015	-1.752483907	1.752483907	1.777612583	-1.777612583	1.827643404	-1.827643404	-1.830672335	1.830672335	1.863339057	-1.863339057	1.886183243	-1.886183243	1.97426189	-1.97426189	1.975839944	-1.975839944	2.000786649	-2.000786649	-2.008668522	2.008668522	2.112118285	-2.112118285	2.141838503	-2.141838503	2.144173447	-2.144173447	2.19625558	-2.19625558	-2.238349706	2.238349706	2.271200488	-2.271200488	2.278506693	-2.278506693	2.298764021	-2.298764021	2.331345608	-2.331345608	2.36336787	-2.36336787	-2.396179623	2.396179623	2.42017239	-2.42017239	2.421954578	-2.421954578	2.470081329	-2.470081329	
-0.81	0.008448228804	-0.008448228804	0.01884378955	-0.01884378955	0.1020251824	-0.1020251824	0.2590762459	-0.2590762459	-0.3289461003	0.3289461003	-0.3669402081	0.3669402081	-0.4766923822	0.4766923822	0.5254963133	-0.5254963133	-0.5425464265	0.5425464265	0.5572709404	-0.5572709404	0.5636691847	-0.5636691847	-0.6161825778	0.6161825778	-0.6443012983	0.6443012983	0.6809604563	-0.6809604563	0.7711554175	-0.7711554175	-0.8158948773	0.8158948773	0.8193239447	-0.8193239447	-0.8346706517	0.8346706517	0.8506664563	-0.8506664563	0.8831854544	-0.8831854544	-0.9271240569	0.9271240569	1.019450204	-1.019450204	-1.050354676	1.050354676	1.086290265	-1.086290265	1.090521033	-1.090521033	-1.256576551	1.256576551	1.274586805	-1.274586805	-1.284497692	1.284497692	1.394645558	-1.394645558	1.412888434	-1.412888434	1.470733731	-1.470733731	1.475847326	-1.475847326	-1.504430399	1.504430399	1.515879344	-1.515879344	-1.590565478	1.590565478	1.668414705	-1.668414705	1.750196192	-1.750196192	1.778021903	-1.778021903	-1.827522643	1.827522643	1.830701863	-1.830701863	1.86339022	-1.86339022	1.887336054	-1.887336054	1.973674786	-1.973674786	-1.974263846	1.974263846	2.000497463	-2.000497463	-2.008353498	2.008353498	2.112150157	-2.112150157	-2.141805986	2.141805986	-2.144147379	2.144147379	2.196123323	-2.196123323	2.236851951	-2.236851951	2.269203834	-2.269203834	2.27894252	-2.27894252	-2.299090396	2.299090396	-2.331680985	2.331680985	2.361511693	-2.361511693	-2.396020012	2.396020012	-2.420430968	2.420430968	-2.421895467	2.421895467	-2.47084099	2.47084099	
-0.8	0.001336665682	-0.001336665682	0.02198490421	-0.02198490421	-0.1053584973	0.1053584973	0.261872858	-0.261872858	0.3287959391	-0.3287959391	0.3669588682	-0.3669588682	0.4760701621	-0.4760701621	0.519702852	-0.519702852	0.54050327	-0.54050327	0.5506154072	-0.5506154072	0.5599300774	-0.5599300774	-0.616200437	0.616200437	-0.6442689143	0.6442689143	0.6773790447	-0.6773790447	-0.7715549945	0.7715549945	0.81947708	-0.81947708	0.8225957092	-0.8225957092	0.8350302918	-0.8350302918	0.8514717603	-0.8514717603	0.88972439	-0.88972439	-0.9271971891	0.9271971891	1.021108429	-1.021108429	1.050442805	-1.050442805	1.089005709	-1.089005709	-1.091390383	1.091390383	-1.256355527	1.256355527	-1.274698801	1.274698801	1.285079743	-1.285079743	1.391313106	-1.391313106	1.412835206	-1.412835206	-1.470166214	1.470166214	1.475362144	-1.475362144	-1.505894787	1.505894787	-1.519020016	1.519020016	-1.590890264	1.590890264	-1.668331033	1.668331033	-1.74792452	1.74792452	-1.778449981	1.778449981	-1.827394652	1.827394652	1.830732841	-1.830732841	-1.863443461	1.863443461	-1.88841426	1.88841426	1.972553977	-1.972553977	-1.973059281	1.973059281	2.000178097	-2.000178097	-2.008090928	2.008090928	-2.112183318	2.112183318	2.14177207	-2.14177207	2.144119974	-2.144119974	2.195981986	-2.195981986	2.235338743	-2.235338743	2.267156237	-2.267156237	-2.279385223	2.279385223	-2.29944646	2.29944646	2.332032447	-2.332032447	-2.359565472	2.359565472	-2.395855905	2.395855905	2.420699029	-2.420699029	-2.421832926	2.421832926	-2.471596547	2.471596547	
-0.79	0.005720697081	-0.005720697081	0.0251196028	-0.0251196028	0.1086956387	-0.1086956387	0.2642546266	-0.2642546266	0.3286363646	-0.3286363646	0.3669776697	-0.3669776697	0.4754170675	-0.4754170675	0.5136454839	-0.5136454839	0.5386577812	-0.5386577812	0.543872471	-0.543872471	0.5563970005	-0.5563970005	0.6162212591	-0.6162212591	0.6442348025	-0.6442348025	0.6737964416	-0.6737964416	0.7713753199	-0.7713753199	0.8230604319	-0.8230604319	0.8262161818	-0.8262161818	0.8354078387	-0.8354078387	0.8523109464	-0.8523109464	0.8962900459	-0.8962900459	0.9273288117	-0.9273288117	1.0221674	-1.0221674	1.050534384	-1.050534384	1.091709366	-1.091709366	-1.093029517	1.093029517	-1.256126917	1.256126917	1.274813208	-1.274813208	1.28568263	-1.28568263	1.387976809	-1.387976809	1.412770363	-1.412770363	1.46957193	-1.46957193	1.474908298	-1.474908298	1.50733405	-1.50733405	1.522154237	-1.522154237	1.591229191	-1.591229191	1.668243004	-1.668243004	1.745670751	-1.745670751	1.778896283	-1.778896283	1.82725936	-1.82725936	1.830765236	-1.830765236	1.863498807	-1.863498807	1.889416031	-1.889416031	-1.970709568	1.970709568	-1.972415915	1.972415915	1.999833585	-1.999833585	-2.007878978	2.007878978	2.112217705	-2.112217705	2.141736814	-2.141736814	-2.144091275	2.144091275	2.195831816	-2.195831816	2.233812125	-2.233812125	-2.26506181	2.26506181	2.279830351	-2.279830351	2.299833182	-2.299833182	2.332399611	-2.332399611	2.357530752	-2.357530752	2.395687759	-2.395687759	2.420976042	-2.420976042	2.421766962	-2.421766962	2.47234677	-2.47234677	
-0.78	0.01271998482	-0.01271998482	0.02824769344	-0.02824769344	0.1120364743	-0.1120364743	0.2662017389	-0.2662017389	-0.3284671422	0.3284671422	0.3669965031	-0.3669965031	0.4747326862	-0.4747326862	0.5073833315	-0.5073833315	0.5369583878	-0.5369583878	0.5370549405	-0.5370549405	-0.5530974469	0.5530974469	0.6162445662	-0.6162445662	0.6441990976	-0.6441990976	0.6702129346	-0.6702129346	0.7707147096	-0.7707147096	-0.8266446337	0.8266446337	0.8300796425	-0.8300796425	0.8358069472	-0.8358069472	-0.8531818132	0.8531818132	-0.9028206103	0.9028206103	-0.9275690281	0.9275690281	1.022617034	-1.022617034	-1.050629735	1.050629735	1.094401679	-1.094401679	1.09543913	-1.09543913	1.255891112	-1.255891112	-1.27492972	1.27492972	1.286305373	-1.286305373	-1.384636803	1.384636803	1.412694429	-1.412694429	1.468957708	-1.468957708	1.474480727	-1.474480727	-1.508748019	1.508748019	1.52528181	-1.52528181	1.591581863	-1.591581863	1.668150626	-1.668150626	-1.743436812	1.743436812	1.779360243	-1.779360243	-1.827116689	1.827116689	1.830799011	-1.830799011	-1.863556285	1.863556285	-1.890339521	1.890339521	-1.968731034	1.968731034	1.97174525	-1.97174525	-1.999469795	1.999469795	2.007713825	-2.007713825	2.112253254	-2.112253254	2.141700277	-2.141700277	2.144061322	-2.144061322	2.195673067	-2.195673067	2.232274182	-2.232274182	2.262923862	-2.262923862	2.280274299	-2.280274299	-2.300251432	2.300251432	2.332782079	-2.332782079	2.355409147	-2.355409147	-2.395516015	2.395516015	2.421261493	-2.421261493	2.421697579	-2.421697579	2.473090501	-2.473090501	
-0.77	0.01965711326	-0.01965711326	0.03136899191	-0.03136899191	0.1153808828	-0.1153808828	0.267697368	-0.267697368	0.3282880173	-0.3282880173	0.3670152368	-0.3670152368	0.4740161992	-0.4740161992	0.5009543473	-0.5009543473	0.5301745482	-0.5301745482	0.5353419518	-0.5353419518	0.5500880049	-0.5500880049	-0.616269998	0.616269998	-0.6441619214	0.6441619214	0.6666287683	-0.6666287683	0.7696599709	-0.7696599709	0.8302294238	-0.8302294238	0.8340648008	-0.8340648008	0.8362583261	-0.8362583261	0.8540821685	-0.8540821685	-0.9091898191	0.9091898191	0.9280338643	-0.9280338643	1.022489273	-1.022489273	1.05072916	-1.05072916	1.097083087	-1.097083087	1.098578797	-1.098578797	-1.255648493	1.255648493	-1.275048045	1.275048045	1.286946975	-1.286946975	1.381293214	-1.381293214	1.412607911	-1.412607911	-1.468330334	1.468330334	1.474074451	-1.474074451	1.510136566	-1.510136566	-1.52840255	1.52840255	1.591947873	-1.591947873	1.668053907	-1.668053907	1.741224697	-1.741224697	-1.779841272	1.779841272	1.826966554	-1.826966554	-1.830834131	1.830834131	1.863615919	-1.863615919	-1.891182871	1.891182871	1.96661985	-1.96661985	-1.97104787	1.97104787	1.999092701	-1.999092701	2.007590497	-2.007590497	-2.112289899	2.112289899	2.141662519	-2.141662519	2.144030159	-2.144030159	2.195506004	-2.195506004	2.230727041	-2.230727041	-2.260745345	2.260745345	-2.28071392	2.28071392	2.300701941	-2.300701941	2.333179437	-2.333179437	2.353202334	-2.353202334	2.395341092	-2.395341092	-2.421554881	2.421554881	2.421624785	-2.421624785	2.473826651	-2.473826651	
-0.76	0.02652775432	-0.02652775432	0.034483319	-0.034483319	0.1187287513	-0.1187287513	0.2687284633	-0.2687284633	-0.3280987132	0.3280987132	-0.3670337131	0.3670337131	0.4732661135	-0.4732661135	0.4943847899	-0.4943847899	-0.5232424738	0.5232424738	-0.5337104169	0.5337104169	-0.5474675053	0.5474675053	-0.6162972735	0.6162972735	-0.6441233853	0.6441233853	-0.6630441537	0.6630441537	-0.7682818486	0.7682818486	0.833814566	-0.833814566	0.8365078534	-0.8365078534	0.8383512816	-0.8383512817	-0.855009841	0.855009841	-0.9150857731	0.9150857731	-0.9290262053	0.9290262053	1.021847036	-1.021847036	1.050832965	-1.050832965	1.099753984	-1.099753984	1.102377971	-1.102377971	-1.25539943	1.25539943	-1.275167908	1.275167908	-1.287606425	1.287606425	-1.377946159	1.377946159	1.412511301	-1.412511301	-1.467696142	1.467696142	1.473684977	-1.473684977	-1.511499605	1.511499605	1.531516274	-1.531516274	-1.592326807	1.592326807	1.667952855	-1.667952855	-1.739036476	1.739036476	1.780338748	-1.780338748	1.826808866	-1.826808866	-1.830870554	1.830870554	-1.86367773	1.86367773	-1.891944214	1.891944214	-1.964378383	1.964378383	-1.970324385	1.970324385	1.99870781	-1.99870781	-2.007503614	2.007503614	-2.112327576	2.112327576	2.141623601	-2.141623601	2.143997829	-2.143997829	-2.195330894	2.195330894	-2.229172863	2.229172863	2.258529013	-2.258529013	-2.281146422	2.281146422	-2.301185243	2.301185243	2.33359125	-2.33359125	-2.350912063	2.350912063	-2.39516339	2.39516339	-2.421548588	2.421548588	-2.421855723	2.421855723	2.474554203	-2.474554203	
-0.75	0.03332729534	-0.03332729534	0.03759049847	-0.03759049847	0.1220799737	-0.1220799737	0.269286453	-0.269286453	0.3278989279	-0.3278989279	0.3670517407	-0.3670517407	0.47247977	-0.47247977	0.4876941954	-0.4876941954	0.5162700469	-0.5162700469	-0.5319259186	0.5319259186	0.5453763087	-0.5453763087	-0.6163261661	0.6163261661	-0.644083593	0.644083593	0.6594592751	-0.6594592751	-0.7666356473	0.7666356473	-0.8370025136	0.8370025136	-0.837399837	0.837399837	0.842433106	-0.842433106	0.8559626942	-0.8559626942	-0.9197613329	0.9197613329	0.9312851895	-0.9312851895	1.020768904	-1.020768904	1.05094148	-1.05094148	1.102414685	-1.102414685	-1.106751273	1.106751273	-1.255144281	1.255144281	-1.275289047	1.275289047	-1.288282703	1.288282703	1.374595744	-1.374595744	1.412405076	-1.412405076	1.467060827	-1.467060827	1.473308481	-1.473308481	1.512837087	-1.512837087	1.534622804	-1.534622804	1.592718244	-1.592718244	-1.667847482	1.667847482	-1.736874288	1.736874288	1.780852026	-1.780852026	1.826643532	-1.826643532	-1.830908238	1.830908238	-1.86374174	1.86374174	1.892621674	-1.892621674	1.962009697	-1.962009697	1.969575423	-1.969575423	1.998319816	-1.998319816	-2.007447916	2.007447916	-2.112366217	2.112366217	-2.141583584	2.141583584	2.143964376	-2.143964376	2.195148014	-2.195148014	-2.227613837	2.227613837	2.256277487	-2.256277487	-2.281569347	2.281569347	2.301701645	-2.301701645	2.33401706	-2.33401706	-2.348540153	2.348540153	-2.394983291	2.394983291	2.421468995	-2.421468995	-2.422163551	2.422163551	2.475272205	-2.475272205	
-0.74	0.04005078965	-0.04005078965	0.04069035556	-0.04069035556	0.1254344488	-0.1254344488	0.269367794	-0.269367794	0.3276883317	-0.3276883317	0.3670690875	-0.3670690875	0.4716523736	-0.4716523736	0.48089801	-0.48089801	-0.5092698956	0.5092698956	-0.5298494717	0.5298494717	-0.5439545183	0.5439545183	-0.6163564882	0.6163564882	0.6440426418	-0.6440426418	0.6558742959	-0.6558742959	0.764763845	-0.764763845	0.8374607413	-0.8374607413	0.8409850092	-0.8409850092	0.846545773	-0.846545773	0.8569386445	-0.8569386445	-0.9224399865	0.9224399865	0.9355801613	-0.9355801613	-1.019335757	1.019335757	-1.051055084	1.051055084	1.10506539	-1.10506539	1.111611797	-1.111611797	1.254883396	-1.254883396	1.275411218	-1.275411218	1.288974781	-1.288974781	1.371242073	-1.371242073	-1.412289699	1.412289699	-1.466429403	1.466429403	1.472941851	-1.472941851	1.514148998	-1.514148998	1.537721962	-1.537721962	1.593121757	-1.593121757	1.667737798	-1.667737798	1.73474035	-1.73474035	-1.781380433	1.781380433	-1.826470456	1.826470456	1.830947139	-1.830947139	1.863807971	-1.863807971	-1.89321337	1.89321337	-1.959517374	1.959517374	1.968801639	-1.968801639	1.997932464	-1.997932464	2.00741857	-2.00741857	2.112405756	-2.112405756	-2.141542531	2.141542531	-2.143929845	2.143929845	2.194957644	-2.194957644	2.226052177	-2.226052177	-2.25399329	2.25399329	2.28198058	-2.28198058	2.302251184	-2.302251184	2.334456363	-2.334456363	2.34608852	-2.34608852	-2.394801155	2.394801155	2.421386016	-2.421386016	-2.422477912	2.422477912	2.475979771	-2.475979771	
-0.73	0.04378271573	-0.04378271573	0.04669289581	-0.04669289581	0.1287920796	-0.1287920796	0.268974316	-0.268974316	-0.3274665628	0.3274665628	0.3670854685	-0.3670854685	0.4707749097	-0.4707749097	0.4740090349	-0.4740090349	0.5022581829	-0.5022581829	-0.5274119459	0.5274119459	0.5432693129	-0.5432693129	0.6163880805	-0.6163880805	-0.6440006243	0.6440006243	0.6522893623	-0.6522893623	0.7626989751	-0.7626989751	0.8379253082	-0.8379253082	0.8445698236	-0.8445698236	0.8506105275	-0.8506105275	0.857935691	-0.857935691	0.9236288355	-0.9236288355	0.9413975238	-0.9413975238	1.017622337	-1.017622337	1.05117423	-1.05117423	1.107706147	-1.107706147	1.116879518	-1.116879518	-1.254617113	1.254617113	-1.275534191	1.275534191	1.289681623	-1.289681623	1.367885243	-1.367885243	-1.412165623	1.412165623	1.465806255	-1.465806255	-1.472582632	1.472582632	-1.515435356	1.515435356	1.540813571	-1.540813571	1.593536915	-1.593536915	-1.667623816	1.667623816	1.732636956	-1.732636956	1.781923269	-1.781923269	-1.82628954	1.82628954	-1.830987209	1.830987209	-1.86387644	1.86387644	1.893717427	-1.893717427	-1.956905341	1.956905341	-1.968003706	1.968003706	1.997548574	-1.997548574	2.007411319	-2.007411319	-2.112446127	2.112446127	2.141500503	-2.141500503	2.143894281	-2.143894281	2.194760071	-2.194760071	-2.224490112	2.224490112	-2.25167886	2.25167886	-2.282378359	2.282378359	2.302833614	-2.302833614	2.334908554	-2.334908554	-2.343559229	2.343559229	-2.394617326	2.394617326	-2.421299662	2.421299662	2.422798369	-2.422798369	-2.47667608	2.47667608	
-0.72	0.04686740358	-0.04686740358	0.05324780211	-0.05324780211	0.1321527723	-0.1321527723	0.2681133299	-0.2681133299	-0.3272332228	0.3272332228	-0.367100532	0.367100532	-0.4670382562	0.4670382562	0.4698291565	-0.4698291565	0.4952597288	-0.4952597288	-0.5246375601	0.5246375601	0.5432906254	-0.5432906254	-0.6164208048	0.6164208048	0.6439576286	-0.6439576286	0.6487046071	-0.6487046071	0.7604661129	-0.7604661129	0.8384004823	-0.8384004823	0.8481539287	-0.8481539287	0.8545947503	-0.8545947503	-0.8589519781	0.8589519781	-0.9241611666	0.9241611666	-0.9478980203	0.9478980203	1.015693477	-1.015693477	1.05129948	-1.05129948	1.110336815	-1.110336815	1.122485009	-1.122485009	-1.254345759	1.254345759	-1.275657749	1.275657749	-1.290402192	1.290402192	1.36452535	-1.36452535	-1.412033285	1.412033285	-1.465195221	1.465195221	1.47222894	-1.47222894	-1.51669621	1.51669621	1.543897453	-1.543897453	1.593963282	-1.593963282	-1.66750555	1.66750555	1.730566477	-1.730566477	1.782479807	-1.782479807	1.826100686	-1.826100686	1.831028398	-1.831028398	1.863947167	-1.863947167	1.894131973	-1.894131973	1.954177729	-1.954177729	1.967182317	-1.967182317	-1.99717015	1.99717015	2.007422503	-2.007422503	-2.112487264	2.112487264	-2.141457564	2.141457564	2.143857728	-2.143857728	2.194555586	-2.194555586	-2.22292988	2.22292988	2.249336566	-2.249336566	2.282761279	-2.282761279	-2.303448392	2.303448392	-2.33537266	2.33537266	-2.340954761	2.340954761	2.394432125	-2.394432125	-2.421209945	2.421209945	2.423124501	-2.423124501	2.477360371	-2.477360371	
-0.71	0.04994424201	-0.04994424201	0.05970913166	-0.05970913166	0.1355164352	-0.1355164352	0.2667975003	-0.2667975003	0.3269878707	-0.3269878707	0.3671138391	-0.3671138391	0.4599953447	-0.4599953447	0.4687739616	-0.4687739616	0.4883218564	-0.4883218564	-0.5215966855	0.5215966855	0.5439381007	-0.5439381007	-0.6164545391	0.6164545391	0.6439137397	-0.6439137397	0.6451201522	-0.6451201522	0.7580848168	-0.7580848168	0.8388870648	-0.8388870648	0.8517367159	-0.8517367159	0.8584750173	-0.8584750173	0.8599859616	-0.8599859616	0.9244160562	-0.9244160562	0.9546969863	-0.9546969863	1.013603446	-1.013603446	1.05143155	-1.05143155	1.112957038	-1.112957038	1.128370061	-1.128370061	-1.254069654	1.254069654	-1.275781691	1.275781691	-1.29113545	1.29113545	1.361162486	-1.361162486	1.411893113	-1.411893113	-1.464599682	1.464599682	-1.471879369	1.471879369	1.51793164	-1.51793164	-1.546973429	1.546973429	1.594400418	-1.594400418	1.667383017	-1.667383017	1.728531362	-1.728531362	1.783049294	-1.783049294	1.825903795	-1.825903795	1.831070651	-1.831070651	1.864020168	-1.864020168	1.894455151	-1.894455151	-1.951338757	1.951338757	1.966338189	-1.966338189	1.996798527	-1.996798527	2.00744903	-2.00744903	-2.112529101	2.112529101	2.141413777	-2.141413777	2.143820231	-2.143820231	2.194344485	-2.194344485	-2.221373721	2.221373721	-2.246968709	2.246968709	-2.283128291	2.283128291	-2.304094682	2.304094682	2.335844969	-2.335844969	2.338280387	-2.338280387	2.394245858	-2.394245858	-2.421116878	2.421116878	-2.423455901	2.423455901	2.478031945	-2.478031945	
-0.7	0.05301305148	-0.05301305148	0.06606982148	-0.06606982148	0.1388829783	-0.1388829783	0.2650445119	-0.2650445119	0.3267300151	-0.3267300151	0.3671248363	-0.3671248363	0.452888972	-0.452888972	0.4675003647	-0.4675003647	0.4815593854	-0.4815593854	0.5183572533	-0.5183572533	0.545129861	-0.545129861	-0.6164891735	0.6164891735	0.6415361108	-0.6415361108	-0.6438690393	0.6438690393	0.7555705768	-0.7555705768	0.8393850618	-0.8393850618	0.8553167313	-0.8553167313	-0.861037	0.861037	0.8622330129	-0.8622330129	0.924537001	-0.924537001	-0.9616455721	0.9616455721	-1.01139689	1.01139689	1.051571381	-1.051571381	1.115566207	-1.115566207	1.1344867	-1.1344867	1.253789107	-1.253789107	1.275905827	-1.275905827	1.291880359	-1.291880359	1.357796741	-1.357796741	1.411745526	-1.411745526	-1.464022651	1.464022651	1.471532902	-1.471532902	-1.51914175	1.51914175	1.550041316	-1.550041316	1.594847884	-1.594847884	1.667256234	-1.667256234	-1.726534143	1.726534143	1.78363095	-1.78363095	1.825698771	-1.825698771	-1.831113912	1.831113912	1.864095461	-1.864095461	1.894685123	-1.894685123	1.948392652	-1.948392652	1.965472056	-1.965472056	1.996434513	-1.996434513	-2.007488306	2.007488306	-2.112571573	2.112571573	2.141369204	-2.141369204	-2.143781836	2.143781836	2.194127066	-2.194127066	2.219823864	-2.219823864	-2.244577529	2.244577529	-2.283478679	2.283478679	-2.304771371	2.304771371	-2.335490575	2.335490575	2.336372619	-2.336372619	2.394058811	-2.394058811	-2.421020474	2.421020474	2.423792175	-2.423792175	2.478690157	-2.478690157	
-0.69	0.05607364929	-0.05607364929	0.07232196701	-0.07232196701	0.142252313	-0.142252313	0.26287659	-0.26287659	0.3264591052	-0.3264591052	0.3671328166	-0.3671328166	0.4457270205	-0.4457270205	0.465662611	-0.465662611	0.4753237356	-0.4753237356	0.5149683684	-0.5149683684	0.5467993553	-0.5467993553	-0.6165246084	0.6165246084	0.6379525891	-0.6379525891	-0.6438236067	0.6438236067	-0.7529358744	0.7529358744	-0.8398942127	0.8398942127	0.8588883593	-0.8588883593	0.8621086705	-0.8621086705	0.8658539776	-0.8658539776	-0.9245841497	0.9245841497	0.9686783403	-0.9686783403	1.009110343	-1.009110343	1.051720234	-1.051720234	1.118163433	-1.118163433	1.14079563	-1.14079563	-1.253504422	1.253504422	1.276029982	-1.276029982	1.292635881	-1.292635881	1.354428206	-1.354428206	1.411590929	-1.411590929	-1.463466838	1.463466838	1.471188838	-1.471188838	1.520326672	-1.520326672	1.55310093	-1.55310093	1.595305236	-1.595305236	1.667125221	-1.667125221	-1.72457743	1.72457743	1.784223966	-1.784223966	-1.825485521	1.825485521	-1.83115812	1.83115812	1.864173059	-1.864173059	1.894820077	-1.894820077	1.945343577	-1.945343577	1.964584674	-1.964584674	1.996078526	-1.996078526	2.007538169	-2.007538169	-2.112614615	2.112614615	2.141323908	-2.141323908	-2.143742588	2.143742588	-2.193903632	2.193903632	2.218282524	-2.218282524	-2.242165209	2.242165209	-2.283812044	2.283812044	2.305477091	-2.305477091	2.332691294	-2.332691294	-2.336851304	2.336851304	2.393871255	-2.393871255	2.420920749	-2.420920749	-2.424132943	2.424132943	2.47933442	-2.47933442	
-0.68	0.05912584898	-0.05912584898	-0.07845661971	0.07845661971	0.145624351	-0.145624351	0.2603199493	-0.2603199493	0.3261745175	-0.3261745175	-0.3671368644	0.3671368644	0.4385167297	-0.4385167297	-0.4622882219	0.4622882219	0.4705929823	-0.4705929823	0.5114619883	-0.5114619883	0.5488943215	-0.5488943215	0.616560752	-0.616560752	0.6343696882	-0.6343696882	0.6437775187	-0.6437775187	0.7501909528	-0.7501909528	0.8404141433	-0.8404141433	0.8623799771	-0.8623799771	0.8632706171	-0.8632706171	0.8693258167	-0.8693258167	0.9245861266	-0.9245861266	0.9757612317	-0.9757612317	1.006773796	-1.006773796	1.05187984	-1.05187984	1.120747518	-1.120747518	1.147264633	-1.147264633	1.253215891	-1.253215891	1.276153992	-1.276153992	1.293400987	-1.293400987	1.351056968	-1.351056968	1.411429723	-1.411429723	1.462934704	-1.462934704	1.470846736	-1.470846736	1.521486563	-1.521486563	1.55615208	-1.55615208	1.59577203	-1.59577203	1.666989999	-1.666989999	1.722663916	-1.722663916	1.784827506	-1.784827506	1.82526396	-1.82526396	1.831203209	-1.831203209	1.864252974	-1.864252974	1.894858237	-1.894858237	1.9421956	-1.9421956	1.963676818	-1.963676818	1.995730701	-1.995730701	-2.007596815	2.007596815	2.112658164	-2.112658164	-2.141277952	2.141277952	2.143702533	-2.143702533	-2.193674487	2.193674487	2.216751884	-2.216751884	-2.239733876	2.239733876	-2.284128264	2.284128264	2.306210255	-2.306210255	-2.329804765	2.329804765	2.337360518	-2.337360518	2.393683443	-2.393683443	2.420817721	-2.420817721	2.424477837	-2.424477837	-2.479964198	2.479964198	
-0.67	0.06216945978	-0.06216945978	0.08446352063	-0.08446352063	-0.1489990047	0.1489990047	0.2574042593	-0.2574042593	-0.3258755403	0.3258755403	-0.3671357738	0.3671357738	0.4312648031	-0.4312648031	0.4568038518	-0.4568038518	0.4679461464	-0.4679461464	0.5078583442	-0.5078583442	0.5513720956	-0.5513720956	-0.6165975189	0.6165975189	0.630787505	-0.630787505	0.64373085	-0.64373085	-0.7473443775	0.7473443775	-0.8409444231	0.8409444231	0.8641786494	-0.8641786494	0.8661338565	-0.8661338565	0.8726385141	-0.8726385141	0.9245580653	-0.9245580653	0.9828732379	-0.9828732379	1.004412085	-1.004412085	1.052052647	-1.052052647	1.123316933	-1.123316933	-1.153867139	1.153867139	1.252923805	-1.252923805	1.276277703	-1.276277703	-1.294174649	1.294174649	1.347683117	-1.347683117	1.411262294	-1.411262294	-1.46242851	1.46242851	1.470506365	-1.470506365	-1.522621602	1.522621602	1.559194574	-1.559194574	1.596247823	-1.596247823	-1.666850595	1.666850595	1.720796371	-1.720796371	1.785440705	-1.785440705	-1.825034007	1.825034007	-1.831249109	1.831249109	1.864335219	-1.864335219	1.894797867	-1.894797867	-1.938952662	1.938952662	-1.962749281	1.962749281	1.995390979	-1.995390979	-2.00766274	2.00766274	-2.112702157	2.112702157	2.141231397	-2.141231397	2.143661715	-2.143661715	-2.193439934	2.193439934	2.215234092	-2.215234092	2.237285606	-2.237285606	-2.284427462	2.284427462	-2.306969096	2.306969096	-2.326851365	2.326851365	2.337881654	-2.337881654	-2.393495613	2.393495613	-2.420711408	2.420711408	2.424826501	-2.424826501	2.480579005	-2.480579005	
