# phi/π evs ...
-1.04	-0.02068559074	0.02068559075	0.1125979455	-0.1125979455	0.2007583426	-0.2007583426	0.2658869922	-0.2658869922	0.319241677	-0.319241677	0.3372908563	-0.3372908563	0.3476725851	-0.3476725851	0.3575246123	-0.3575246123	0.3909318034	-0.3909318034	-0.4245231616	0.4245231616	0.4557621469	-0.4557621469	-0.5883635347	0.5883635347	-0.7049395283	0.7049395283	-0.7407378939	0.7407378939	-0.8565111935	0.8565111935	0.9215999889	-0.9215999889	0.9896229441	-0.9896229441	-1.019202424	1.019202424	-1.067905537	1.067905537	1.095929571	-1.095929571	1.199317071	-1.199317071	1.201511486	-1.201511486	-1.205666841	1.205666841	-1.240826599	1.240826599	-1.300649196	1.300649196	-1.397032973	1.397032973	-1.423839675	1.423839675	1.452459726	-1.452459726	1.488496819	-1.488496819	1.605054026	-1.605054026	1.610691217	-1.610691217	-1.621762157	1.621762157	1.645866798	-1.645866798	1.648477825	-1.648477825	-1.671516793	1.671516793	1.704098155	-1.704098155	1.723507544	-1.723507544	1.737823442	-1.737823442	1.767467351	-1.767467351	1.799002943	-1.799002943	-1.821627675	1.821627675	1.850039417	-1.850039417	-1.924852731	1.924852731	-1.954663129	1.954663129	-1.962568393	1.962568393	1.99036133	-1.99036133	-2.044052713	2.044052713	2.049103122	-2.049103122	-2.049901691	2.049901691	2.086982647	-2.086982647	2.162136111	-2.162136111	2.182645558	-2.182645558	2.205032483	-2.205032483	-2.372654187	2.372654187	2.377674239	-2.377674239	-2.380621801	2.380621801	2.396991918	-2.396991918	2.456734828	-2.456734828	2.496417617	-2.496417617	2.518613112	-2.518613112	
-1.03	-0.0252079807	0.0252079807	0.1041852335	-0.1041852335	0.2021898343	-0.2021898343	0.2687570146	-0.2687570146	0.3223981741	-0.3223981741	0.3444885705	-0.3444885705	0.3447988913	-0.3447988913	0.3607019216	-0.3607019216	0.3877554598	-0.3877554598	-0.4189830546	0.4189830546	0.4529272382	-0.4529272382	-0.5869258582	0.5869258582	0.7049657634	-0.7049657634	0.7407358921	-0.7407358921	0.8566331063	-0.8566331063	0.9222037341	-0.9222037341	0.9896155648	-0.9896155648	1.019209655	-1.019209655	-1.07105889	1.07105889	1.092811577	-1.092811577	-1.199798914	1.199798914	1.201262435	-1.201262435	1.205596633	-1.205596633	-1.242654449	1.242654449	-1.300663109	1.300663109	1.394695784	-1.394695784	1.423825206	-1.423825206	1.452489092	-1.452489092	1.488492114	-1.488492114	1.605200191	-1.605200191	1.613794811	-1.613794811	-1.622050032	1.622050032	-1.646002909	1.646002909	1.648701033	-1.648701033	-1.671403542	1.671403542	-1.702794893	1.702794893	1.723617113	-1.723617113	1.73781588	-1.73781588	-1.767480115	1.767480115	1.799160668	-1.799160668	1.819706531	-1.819706531	1.850088333	-1.850088333	-1.924651002	1.924651002	1.954592448	-1.954592448	-1.962503785	1.962503785	1.990680855	-1.990680855	-2.044077074	2.044077074	2.049112196	-2.049112196	2.051461139	-2.051461139	-2.086500511	2.086500511	2.161966691	-2.161966691	-2.182517188	2.182517188	-2.205025623	2.205025623	-2.372719586	2.372719586	2.377619724	-2.377619724	2.380671117	-2.380671117	2.396964517	-2.396964517	2.456635968	-2.456635968	2.496434326	-2.496434326	-2.518594379	2.518594379	
-1.02	-0.0296082022	0.0296082022	0.09576188484	-0.09576188484	0.203193427	-0.203193427	0.2710126366	-0.2710126366	0.3254560334	-0.3254560334	0.3415163431	-0.3415163431	0.3522796615	-0.3522796615	0.363601529	-0.363601529	0.3848567746	-0.3848567746	-0.4136578185	0.4136578185	0.4507094082	-0.4507094082	-0.5859143336	0.5859143336	-0.7049854167	0.7049854167	-0.7407350698	0.7407350699	0.8567218951	-0.8567218951	0.9226729038	-0.9226729038	0.9896099945	-0.9896099945	1.019214858	-1.019214858	1.074108102	-1.074108102	1.089787972	-1.089787972	1.200166827	-1.200166827	-1.201068093	1.201068093	-1.205545527	1.205545527	-1.244405118	1.244405118	1.300673482	-1.300673482	1.392278952	-1.392278952	1.423814562	-1.423814562	1.452511444	-1.452511444	1.488488521	-1.488488521	-1.605299092	1.605299092	1.616867942	-1.616867942	1.622274538	-1.622274538	1.646067973	-1.646067973	1.648928443	-1.648928443	1.671319253	-1.671319253	1.701471482	-1.701471482	-1.723699232	1.723699232	1.737810184	-1.737810184	-1.767490479	1.767490479	1.79929722	-1.79929722	1.817739314	-1.817739314	1.850123834	-1.850123834	1.924500077	-1.924500077	-1.954541493	1.954541493	1.962458164	-1.962458164	1.990891775	-1.990891775	2.044093975	-2.044093975	2.049117284	-2.049117284	2.053017053	-2.053017053	2.086035182	-2.086035182	-2.161811275	2.161811275	2.182405119	-2.182405119	2.205020531	-2.205020531	2.372765924	-2.372765924	2.377581544	-2.377581544	2.380707181	-2.380707181	-2.396944262	2.396944262	2.45656887	-2.45656887	2.496442293	-2.496442293	2.518567703	-2.518567703	
-1.01	-0.03385766853	0.03385766853	-0.08733240557	0.08733240557	0.2037616673	-0.2037616673	0.2726052768	-0.2726052768	0.3282486306	-0.3282486306	0.3387406299	-0.3387406299	0.3599022476	-0.3599022476	0.3659271305	-0.3659271305	0.3825320238	-0.3825320238	-0.4085672475	0.4085672475	0.4491563889	-0.4491563889	-0.5853361168	0.5853361168	-0.704998492	0.704998492	-0.7407354283	0.7407354284	0.8567774778	-0.8567774778	0.9230066466	-0.9230066466	0.9896062445	-0.9896062445	1.019218022	-1.019218022	-1.076871525	1.076871525	1.087040414	-1.087040414	-1.200420964	1.200420964	-1.200929191	1.200929191	1.205513643	-1.205513643	-1.246076692	1.246076692	-1.300680317	1.300680317	1.389784619	-1.389784619	-1.423807751	1.423807751	-1.452526804	1.452526804	1.488486034	-1.488486034	1.605359263	-1.605359263	-1.619901029	1.619901029	1.622438358	-1.622438358	1.646080112	-1.646080112	1.649138835	-1.649138835	1.671263575	-1.671263575	-1.700127903	1.700127903	-1.723752444	1.723752444	-1.737806356	1.737806356	-1.767498437	1.767498437	1.799411764	-1.799411764	1.815730203	-1.815730203	1.850145834	-1.850145834	-1.924400455	1.924400455	1.954510322	-1.954510322	-1.962431609	1.962431609	1.990993932	-1.990993932	-2.044104906	2.044104906	2.049118391	-2.049118391	2.054565484	-2.054565484	-2.08558733	2.08558733	2.161670544	-2.161670544	-2.182309155	2.182309155	2.205017211	-2.205017211	2.372792225	-2.372792225	-2.377560669	2.377560669	2.380729872	-2.380729872	2.396931265	-2.396931265	-2.456533674	2.456533674	-2.496441517	2.496441517	2.518531449	-2.518531449	
-1	-0.03792805373	0.03792805373	-0.07890080782	0.07890080782	0.2038901223	-0.2038901223	-0.2734979754	0.2734979754	0.3300677516	-0.3300677516	0.3369283425	-0.3369283425	0.3670936356	-0.3670936356	-0.3675964826	0.3675964826	-0.3813662384	0.3813662384	-0.4037322468	0.4037322468	0.4483047916	-0.4483047916	-0.5851953647	0.5851953647	-0.7050049892	0.7050049893	-0.7407369692	0.7407369692	0.8567998027	-0.8567998027	0.9232043267	-0.9232043267	0.989604322	-0.989604322	-1.019219139	1.019219139	-1.078573862	1.078573862	-1.085344205	1.085344205	-1.200561522	1.200561522	-1.200846271	1.200846271	1.205501098	-1.205501098	-1.247667339	1.247667339	1.300683612	-1.300683612	1.387214922	-1.387214922	1.423804776	-1.423804776	-1.452535182	1.452535182	1.488484653	-1.488484653	-1.605383412	1.605383412	-1.622543474	1.622543474	1.622890273	-1.622890273	1.646051714	-1.646051714	1.649317504	-1.649317504	-1.671236042	1.671236042	-1.698764216	1.698764216	-1.723775421	1.723775421	1.737804395	-1.737804395	1.767503984	-1.767503984	1.799503515	-1.799503515	-1.813683342	1.813683342	1.850154271	-1.850154271	1.924352464	-1.924352464	-1.954498972	1.954498972	-1.962424172	1.962424172	-1.990987274	1.990987274	2.044110593	-2.044110593	2.049115522	-2.049115522	-2.056103406	2.056103406	-2.085157612	2.085157612	2.161545123	-2.161545123	-2.182229109	2.182229109	2.205015664	-2.205015664	-2.372797916	2.372797916	2.377557668	-2.377557668	2.380739112	-2.380739112	2.396925597	-2.396925597	-2.456530454	2.456530454	-2.496432009	2.496432009	-2.518483873	2.518483873	
-0.99	-0.04179130362	0.04179130362	-0.07047085027	0.07047085027	0.2035775298	-0.2035775298	-0.2736690645	0.2736690645	0.3293455807	-0.3293455807	0.3376475582	-0.3376475582	0.3665533537	-0.3665533537	-0.3753517834	0.3753517834	-0.3819069606	0.3819069606	-0.3991747584	0.3991747584	0.4481762829	-0.4481762829	-0.5854930939	0.5854930939	0.7050049053	-0.7050049053	-0.7407396945	0.7407396945	0.8567888481	-0.8567888481	0.9232655284	-0.9232655284	0.9896042303	-0.9896042303	1.019218206	-1.019218206	-1.077680626	1.077680626	1.086233835	-1.086233835	-1.200588732	1.200588732	1.200819677	-1.200819677	1.205508018	-1.205508018	-1.249175298	1.249175298	-1.300683366	1.300683366	-1.384571988	1.384571988	1.423805638	-1.423805638	-1.452536584	1.452536584	1.488484372	-1.488484372	-1.60537267	1.60537267	1.622591191	-1.622591191	1.625833393	-1.625833393	1.645989597	-1.645989597	1.649456053	-1.649456053	1.671236053	-1.671236053	1.697380594	-1.697380594	-1.723766982	1.723766982	1.737804299	-1.737804299	1.767507116	-1.767507116	1.799571753	-1.799571753	1.811602849	-1.811602849	-1.850149116	1.850149116	-1.924356264	1.924356264	1.954507455	-1.954507455	1.962435879	-1.962435879	-1.990871853	1.990871853	2.044111434	-2.044111434	2.049108687	-2.049108687	-2.057628279	2.057628279	2.084746668	-2.084746668	2.161435575	-2.161435575	2.18216481	-2.18216481	2.205015892	-2.205015892	2.372782888	-2.372782888	2.377572648	-2.377572648	2.380734867	-2.380734867	2.396927288	-2.396927288	2.45655922	-2.45655922	-2.496413791	2.496413791	2.518423322	-2.518423322	
-0.98	-0.04541975728	0.04541975728	0.06204623966	-0.06204623966	0.2028258449	-0.2028258449	-0.2731145132	0.2731145132	0.326863296	-0.326863296	0.3401170599	-0.3401170599	0.3645893122	-0.3645893122	0.3831588587	-0.3831588587	0.3838706548	-0.3838706548	-0.3949178323	0.3949178323	0.4487751291	-0.4487751291	0.5862271457	-0.5862271457	0.7049982334	-0.7049982334	0.7407436068	-0.7407436068	-0.8567446228	0.8567446228	0.9231900599	-0.9231900599	0.9896059682	-0.9896059682	-1.019215225	1.019215225	-1.075143167	1.075143167	1.088757952	-1.088757952	-1.200502864	1.200502864	1.200849555	-1.200849555	1.205534538	-1.205534538	-1.250598886	1.250598886	1.300679579	-1.300679579	1.381857936	-1.381857936	1.423810335	-1.423810335	1.452531008	-1.452531008	1.48848519	-1.48848519	1.605327613	-1.605327613	-1.622582142	1.622582142	1.628728587	-1.628728587	1.645896243	-1.645896243	1.649551138	-1.649551138	-1.671262841	1.671262841	1.695977363	-1.695977363	1.723726097	-1.723726097	1.737806062	-1.737806062	1.767507826	-1.767507826	1.799615824	-1.799615824	1.809492828	-1.809492828	1.850130364	-1.850130364	-1.924411842	1.924411842	1.954535763	-1.954535763	-1.962466729	1.962466729	1.990647823	-1.990647823	2.044107662	-2.044107662	2.049097896	-2.049097896	2.059137872	-2.059137872	-2.084355119	2.084355119	-2.161342398	2.161342398	2.182116102	-2.182116102	2.205017896	-2.205017896	2.372747513	-2.372747513	2.377605236	-2.377605236	2.380717151	-2.380717151	2.396936326	-2.396936326	2.456619917	-2.456619917	-2.49638689	2.49638689	2.518348507	-2.518348507	
-0.97	-0.04878639751	0.04878639751	0.05363082672	-0.05363082672	0.2016401793	-0.2016401793	-0.271848307	0.271848307	-0.3238963986	0.3238963986	0.3430612579	-0.3430612579	0.361862278	-0.361862278	-0.3865929416	0.3865929416	-0.3909880945	0.3909880945	0.3910093302	-0.3910093302	0.4500877328	-0.4500877328	-0.5873922577	0.5873922577	0.704984963	-0.704984963	-0.7407487092	0.7407487092	-0.856667166	0.856667166	0.922977954	-0.922977954	0.9896095307	-0.9896095307	1.019210201	-1.019210201	-1.072160979	1.072160979	1.091717059	-1.091717059	-1.200304246	1.200304246	-1.20093585	1.20093585	1.205580779	-1.205580779	-1.251936493	1.251936493	1.300672251	-1.300672251	1.379074877	-1.379074877	1.423818866	-1.423818866	1.452518445	-1.452518445	1.488487104	-1.488487104	-1.60524859	1.60524859	-1.6225163	1.6225163	1.631574185	-1.631574185	1.645770917	-1.645770917	1.649603328	-1.649603328	-1.671315419	1.671315419	-1.694555064	1.694555064	1.72365191	-1.72365191	1.737809673	-1.737809673	1.767506108	-1.767506108	-1.799635154	1.799635154	1.807357374	-1.807357374	1.850098039	-1.850098039	1.92451901	-1.92451901	1.954583864	-1.954583864	-1.962516694	1.962516694	1.990315444	-1.990315444	-2.044099427	2.044099427	2.049083163	-2.049083163	2.060630184	-2.060630184	2.083983564	-2.083983564	-2.161266026	2.161266026	2.182082847	-2.182082847	-2.205021673	2.205021673	-2.372692598	2.372692598	2.377654629	-2.377654629	2.380686024	-2.380686024	2.39695266	-2.39695266	2.456712427	-2.456712427	2.496351348	-2.496351348	2.518258777	-2.518258777	
-0.96	-0.04522882815	0.04522882816	0.0518652531	-0.0518652531	0.2000286372	-0.2000286372	0.2699007313	-0.2699007313	0.3207757939	-0.3207757939	0.3461491633	-0.3461491633	0.3587709776	-0.3587709776	-0.3873706726	0.3873706726	0.3897130957	-0.3897130957	-0.3988955726	0.3988955726	0.4520842878	-0.4520842878	-0.5889802383	0.5889802383	0.70496508	-0.70496508	-0.7407550053	0.7407550053	0.856556547	-0.856556547	0.9226294673	-0.9226294673	0.9896149087	-0.9896149087	1.019203144	-1.019203144	1.069034918	-1.069034918	1.094810294	-1.094810294	1.199993297	-1.199993297	1.201078307	-1.201078307	-1.205646826	1.205646826	-1.253186588	1.253186588	1.30066138	-1.30066138	1.376224906	-1.376224906	1.423831223	-1.423831223	1.452498878	-1.452498878	1.488490113	-1.488490113	1.605135856	-1.605135856	1.622392965	-1.622392965	1.634368496	-1.634368496	1.645610485	-1.645610485	1.649616292	-1.649616292	1.671392486	-1.671392486	1.693114545	-1.693114545	1.723543758	-1.723543758	1.737815121	-1.737815121	1.767501956	-1.767501956	1.799629254	-1.799629254	1.805200589	-1.805200589	1.850052192	-1.850052192	1.924677411	-1.924677411	1.954651703	-1.954651703	1.96258572	-1.96258572	1.989875071	-1.989875071	-2.044086826	2.044086826	2.049064504	-2.049064504	2.0621034	-2.0621034	2.08363258	-2.08363258	2.161206821	-2.161206821	2.182064925	-2.182064925	2.20502722	-2.20502722	2.3726193	-2.3726193	-2.377719673	2.377719673	2.38064159	-2.38064159	2.396976195	-2.396976195	-2.456836564	2.456836564	-2.496307212	2.496307212	2.51815427	-2.51815427	
-0.95	-0.03684511357	0.03684511357	-0.05463198391	0.05463198391	-0.1980020615	0.1980020615	-0.267314993	0.267314993	-0.3175886913	0.3175886913	-0.3492935101	0.3492935101	-0.3554949454	0.3554949454	-0.384163111	0.384163111	0.3929768389	-0.3929768389	-0.4068105962	0.4068105962	0.4547221177	-0.4547221177	-0.5909802296	0.5909802296	-0.7049385665	0.7049385665	-0.7407624993	0.7407624993	0.8564128655	-0.8564128655	-0.922145077	0.922145077	0.9896220888	-0.9896220888	1.01919407	-1.01919407	1.065845774	-1.065845774	1.097956858	-1.097956858	-1.199570545	1.199570545	1.201276476	-1.201276476	-1.205732704	1.205732704	-1.254347717	1.254347717	1.300646965	-1.300646965	-1.373310111	1.373310111	1.423847401	-1.423847401	1.452472283	-1.452472283	-1.488494214	1.488494214	1.604989629	-1.604989629	-1.62221076	1.62221076	1.637109721	-1.637109721	1.645410092	-1.645410092	-1.649596137	1.649596137	1.671492291	-1.671492291	1.691657088	-1.691657088	-1.723401192	1.723401192	1.737822393	-1.737822393	1.767495361	-1.767495361	-1.799597726	1.799597726	1.80302658	-1.80302658	1.849992899	-1.849992899	1.924886516	-1.924886516	-1.954739203	1.954739203	1.962673727	-1.962673727	1.989327162	-1.989327162	-2.044069928	2.044069928	2.049041939	-2.049041939	-2.063555866	2.063555866	-2.083302721	2.083302721	-2.161165071	2.161165071	2.182062239	-2.182062239	-2.205034534	2.205034534	2.372529012	-2.372529012	2.377798983	-2.377798983	-2.380583994	2.380583994	2.397006799	-2.397006799	-2.456992084	2.456992084	-2.496254539	2.496254539	2.518035865	-2.518035865	
-0.94	0.02848561655	-0.02848561655	-0.05706469517	0.05706469517	-0.1955737081	0.1955737081	-0.2641429764	0.2641429764	-0.3143658813	0.3143658813	-0.3521162166	0.3521162166	-0.3524634843	0.3524634843	-0.3813348258	0.3813348258	-0.3963546722	0.3963546722	-0.4147479495	0.4147479495	0.4579498989	-0.4579498989	-0.5933790394	0.5933790394	-0.7049054013	0.7049054013	-0.740771196	0.740771196	0.8562362511	-0.8562362511	0.9215254755	-0.9215254755	0.9896310539	-0.9896310539	-1.019182998	1.019182998	1.062622502	-1.062622502	-1.101127784	1.101127784	1.199036631	-1.199036631	-1.201529713	1.201529713	-1.205838375	1.205838375	-1.255418506	1.255418506	1.300629007	-1.300629007	-1.370332565	1.370332565	1.423867387	-1.423867387	-1.452438631	1.452438631	1.488499406	-1.488499406	1.604810115	-1.604810115	-1.6219676	1.6219676	1.639795896	-1.639795896	1.645163854	-1.645163854	1.649550741	-1.649550741	-1.671612404	1.671612404	-1.690184627	1.690184627	-1.723224006	1.723224006	1.737831474	-1.737831474	-1.767486315	1.767486315	-1.799540272	1.799540272	1.800839474	-1.800839474	-1.849920263	1.849920263	1.925145631	-1.925145631	1.954846266	-1.954846267	-1.962780607	1.962780607	1.988672267	-1.988672267	-2.044048783	2.044048783	-2.049015489	2.049015489	-2.064986073	2.064986073	2.082994514	-2.082994514	-2.161140996	2.161140996	-2.182074709	2.182074709	2.205043608	-2.205043608	2.372423257	-2.372423257	-2.377891046	2.377891046	2.380513424	-2.380513424	2.397044304	-2.397044304	2.457178678	-2.457178678	-2.496193394	2.496193394	-2.517904964	2.517904964	
-0.93	-0.02015797049	0.02015797049	-0.05914506222	0.05914506222	0.1927588709	-0.1927588709	0.2604409776	-0.2604409776	0.3111208012	-0.3111208012	-0.3486755847	0.3486755847	0.3556456547	-0.3556456547	-0.378916534	0.378916534	0.399795605	-0.399795605	0.4227016367	-0.4227016367	0.4617119215	-0.4617119215	-0.5961615199	0.5961615199	-0.7048655595	0.7048655595	0.7407811006	-0.7407811006	0.8560268635	-0.8560268635	0.9207715636	-0.9207715636	0.989641783	-0.989641783	1.019169951	-1.019169951	1.059377842	-1.059377842	-1.104310316	1.104310316	-1.198392306	1.198392306	-1.201837188	1.201837188	-1.205963744	1.205963744	-1.256397666	1.256397666	1.300607502	-1.300607502	-1.367294333	1.367294333	1.42389117	-1.42389117	1.452397882	-1.452397882	-1.488505689	1.488505689	-1.604597529	1.604597529	-1.621660666	1.621660666	1.642424835	-1.642424835	1.644865721	-1.644865721	1.649488936	-1.649488936	1.671749355	-1.671749355	1.688700085	-1.688700085	-1.723012277	1.723012277	-1.737842344	1.737842344	1.767474809	-1.767474809	1.79864342	-1.79864342	-1.7994567	1.7994567	1.849834413	-1.849834413	-1.925453907	1.925453907	-1.954972771	1.954972771	-1.962906229	1.962906229	1.987911032	-1.987911032	2.044023427	-2.044023427	2.048985176	-2.048985176	2.066392642	-2.066392642	2.082708457	-2.082708457	-2.161134738	2.161134738	-2.182102282	2.182102282	2.205054435	-2.205054435	-2.372303583	2.372303583	-2.377994326	2.377994326	2.380430104	-2.380430104	2.397088509	-2.397088509	2.457395977	-2.457395977	2.496123851	-2.496123851	2.517763226	-2.517763226	
-0.92	-0.01187255538	0.01187255538	-0.06085992266	0.06085992266	0.1895744804	-0.1895744804	0.2562660462	-0.2562660462	0.3078602462	-0.3078602462	0.345195143	-0.345195143	-0.3588332511	0.3588332511	-0.3769275246	0.3769275246	0.4032767201	-0.4032767201	-0.4306660479	0.4306660479	0.4659517497	-0.4659517497	-0.5993109698	0.5993109698	0.7048190133	-0.7048190133	0.7407922193	-0.7407922193	0.855784892	-0.855784892	0.9198844416	-0.9198844416	-0.9896542511	0.9896542511	1.019154956	-1.019154956	-1.056118251	1.056118251	1.10749798	-1.10749798	-1.197638416	1.197638416	1.202197898	-1.202197898	-1.206108673	1.206108673	-1.257283988	1.257283988	1.300582452	-1.300582452	1.36419747	-1.36419747	1.423918735	-1.423918735	1.452349993	-1.452349993	1.488513062	-1.488513062	1.6043521	-1.6043521	-1.621286381	1.621286381	1.644510461	-1.644510461	1.644994079	-1.644994079	-1.649419565	1.649419565	1.67189803	-1.67189803	1.687207959	-1.687207959	-1.722766404	1.722766404	-1.737854984	1.737854984	1.767460834	-1.767460834	-1.796442594	1.796442594	-1.799346928	1.799346928	1.849735501	-1.849735501	-1.925810342	1.925810342	1.955118574	-1.955118574	-1.963050437	1.963050437	1.98704419	-1.98704419	-2.04399389	2.04399389	-2.048951028	2.048951028	-2.067774314	2.067774314	2.082445021	-2.082445021	2.161146366	-2.161146366	2.182144924	-2.182144924	-2.205067006	2.205067006	2.372171493	-2.372171493	2.378107333	-2.378107333	-2.380334294	2.380334294	-2.397139182	2.397139182	-2.457643554	2.457643554	2.496045992	-2.496045992	2.517612338	-2.517612338	
-0.91	-0.003644322932	0.003644322932	-0.06220366466	0.06220366466	-0.1860386996	0.1860386996	-0.2516732481	0.2516732481	-0.3045880415	0.3045880415	-0.3416877605	0.3416877605	-0.3620224807	0.3620224807	-0.3753837906	0.3753837906	-0.4067849408	0.4067849408	-0.4386359002	0.4386359002	0.4706149652	-0.4706149652	0.6028095363	-0.6028095363	-0.7047657315	0.7047657315	-0.7408045589	0.7408045589	0.8555105552	-0.8555105552	0.9188653986	-0.9188653986	0.9896684297	-0.9896684297	1.019138046	-1.019138046	-1.052847358	1.052847358	-1.110687127	1.110687127	-1.196775892	1.196775892	-1.202610671	1.202610671	-1.206272986	1.206272986	-1.258076354	1.258076354	1.300553853	-1.300553853	-1.361044023	1.361044023	1.423950066	-1.423950066	1.45229491	-1.45229491	1.488521525	-1.488521525	1.604074074	-1.604074074	-1.620840384	1.620840384	-1.64409465	1.64409465	1.647500835	-1.647500835	1.649350532	-1.649350532	1.672050623	-1.672050623	-1.685715342	1.685715342	1.72248716	-1.72248716	1.737869373	-1.737869373	1.767444379	-1.767444379	1.794241199	-1.794241199	-1.799210987	1.799210987	-1.849623704	1.849623704	-1.926213795	1.926213795	-1.955283512	1.955283512	1.963213049	-1.963213049	-1.986072561	1.986072561	-2.043960195	2.043960195	2.048913072	-2.048913072	2.069129945	-2.069129945	2.082204645	-2.082204645	2.161175875	-2.161175875	-2.182202622	2.182202622	-2.205081311	2.205081311	-2.372028398	2.372028398	-2.378228673	2.378228673	-2.38022628	2.38022628	2.397196068	-2.397196068	-2.457920926	2.457920926	-2.495959906	2.495959906	-2.517453873	2.517453873	
-0.9	-0.004503830335	0.004503830335	-0.06318213415	0.06318213416	-0.1821705358	0.1821705358	-0.2467138854	0.2467138854	-0.301306522	0.301306522	-0.3381613965	0.3381613965	-0.3652110397	0.3652110397	-0.3742979285	0.3742979285	-0.4103122302	0.4103122303	-0.44660619	0.44660619	0.475650949	-0.475650949	-0.6066386002	0.6066386002	-0.7047056808	0.7047056808	-0.7408181267	0.7408181267	-0.855204101	0.855204101	0.917715901	-0.917715901	0.9896842869	-0.9896842869	-1.019119255	1.019119255	1.049567367	-1.049567367	-1.113875528	1.113875528	-1.195805743	1.195805743	-1.20307418	1.20307418	-1.206456483	1.206456483	-1.258773732	1.258773732	1.300521704	-1.300521704	-1.35783603	1.35783603	1.423985141	-1.423985141	1.452232575	-1.452232575	-1.488531078	1.488531078	-1.603763721	1.603763721	-1.620317525	1.620317525	1.643617407	-1.643617407	1.649288093	-1.649288093	-1.649941907	1.649941907	-1.67219477	1.67219477	-1.684233768	1.684233768	-1.72217576	1.72217576	-1.737885485	1.737885485	-1.767425434	1.767425434	1.792043468	-1.792043468	-1.799049029	1.799049029	1.84949922	-1.84949922	1.926662993	-1.926662993	1.9554674	-1.9554674	-1.963393863	1.963393863	-1.984997047	1.984997047	-2.043922362	2.043922362	2.048871339	-2.048871339	-2.070458496	2.070458496	-2.081987735	2.081987735	-2.161223184	2.161223184	-2.182275388	2.182275388	-2.205097338	2.205097338	2.371875585	-2.371875585	2.378357079	-2.378357079	-2.380106376	2.380106376	2.397258888	-2.397258888	-2.458227554	2.458227554	-2.495865689	2.495865689	-2.517289233	2.517289233	
-0.89	0.01253442566	-0.01253442566	-0.06381972663	0.06381972664	-0.1779894867	0.1779894867	-0.2414345371	0.2414345372	-0.2980172054	0.2980172054	-0.3346212238	0.3346212238	0.3683974332	-0.3683974332	-0.3736787289	0.3736787289	-0.4138533806	0.4138533806	0.4545721563	-0.4545721563	-0.4810138361	0.4810138361	-0.6107791282	0.6107791282	0.7046388253	-0.7046388253	-0.7408329312	0.7408329312	-0.8548658062	0.8548658062	-0.9164375796	0.9164375796	0.9897017873	-0.9897017873	-1.019098623	1.019098623	-1.046279707	1.046279707	1.117061728	-1.117061728	-1.194729048	1.194729048	-1.203586957	1.203586957	-1.206658944	1.206658944	-1.259375183	1.259375183	1.300486005	-1.300486005	1.354575527	-1.354575527	1.42402394	-1.42402394	-1.45216292	1.45216292	-1.488541723	1.488541723	-1.603421334	1.603421334	-1.619711889	1.619711889	1.643080711	-1.643080711	1.649236536	-1.649236536	-1.652313623	1.652313623	-1.672310136	1.672310136	1.6827826	-1.6827826	-1.721833929	1.721833929	1.737903294	-1.737903294	-1.767403988	1.767403988	-1.789853658	1.789853658	-1.798861324	1.798861324	-1.849362272	1.849362272	-1.927156543	1.927156543	-1.955670031	1.955670031	-1.963592651	1.963592651	1.98381863	-1.98381863	2.043880408	-2.043880408	-2.048825858	2.048825858	-2.071759026	2.071759026	-2.081794664	2.081794664	-2.16128814	2.16128814	-2.182363255	2.182363255	-2.205115076	2.205115076	2.371714212	-2.371714212	2.378491413	-2.378491413	2.379974919	-2.379974919	-2.397327347	2.397327347	2.458562848	-2.458562848	-2.495763446	2.495763446	-2.517119637	2.517119637	
-0.88	-0.02038143813	0.02038143813	-0.06417367583	0.06417367583	-0.1735152333	0.1735152333	0.2358767164	-0.2358767164	0.2947211288	-0.2947211288	-0.3310707456	0.3310707456	0.3715806366	-0.3715806366	-0.3735308331	0.3735308331	0.4174048699	-0.4174048699	0.4625292575	-0.4625292575	0.4866628442	-0.4866628442	-0.6152119839	0.6152119839	0.7045651279	-0.7045651279	-0.7408489817	0.7408489817	-0.854495976	0.854495976	0.9150322158	-0.9150322158	0.9897208924	-0.9897208924	1.019076193	-1.019076193	1.042985353	-1.042985353	-1.120244723	1.120244723	-1.193546953	1.193546953	1.204147405	-1.204147405	-1.206880126	1.206880126	-1.259879861	1.259879861	-1.300446754	1.300446754	1.351264546	-1.351264546	1.424066439	-1.424066439	1.45208587	-1.45208587	1.488553459	-1.488553459	1.603047232	-1.603047232	1.61901686	-1.61901686	1.642489261	-1.642489261	1.649198266	-1.649198266	-1.65461174	1.65461174	1.672362325	-1.672362325	1.681395106	-1.681395106	-1.721463998	1.721463998	1.737922771	-1.737922772	1.767380031	-1.767380031	-1.787676048	1.787676048	1.798648265	-1.798648265	1.849213101	-1.849213101	1.927692944	-1.927692944	1.955891181	-1.955891181	1.963809165	-1.963809165	1.982538364	-1.982538364	-2.043834348	2.043834348	2.048776665	-2.048776665	2.073030688	-2.073030688	2.081625769	-2.081625769	2.16137052	-2.16137052	-2.182466275	2.182466275	-2.205134508	2.205134508	2.371545303	-2.371545303	2.378630675	-2.378630675	2.379832262	-2.379832262	-2.397401135	2.397401135	2.45892617	-2.45892617	-2.49565329	2.49565329	-2.516946133	2.516946133	
-0.87	-0.02791903263	0.02791903263	0.06436547057	-0.06436547057	-0.1687673903	0.1687673903	-0.2300769422	0.2300769422	-0.2914190307	0.2914190307	0.3275124189	-0.3275124189	-0.3738545409	0.3738545409	-0.3747599117	0.3747599117	-0.4209642306	0.4209642306	0.4704731617	-0.4704731617	-0.4925621775	0.4925621775	-0.6199181915	0.6199181915	0.7044845504	-0.7044845504	0.7408662882	-0.7408662882	-0.8540949437	0.8540949437	0.9135017276	-0.9135017276	0.9897415606	-0.9897415606	-1.01905201	1.01905201	1.039685	-1.039685	-1.123423783	1.123423783	-1.192260669	1.192260669	1.204753812	-1.204753812	1.207119773	-1.207119773	-1.260287017	1.260287017	1.300403949	-1.300403949	-1.347905119	1.347905119	1.42411261	-1.42411261	1.452001345	-1.452001345	1.488566289	-1.488566289	-1.602641759	1.602641759	-1.61822525	1.61822525	1.641850011	-1.641850011	-1.649174164	1.649174164	-1.656831338	1.656831338	1.672293491	-1.672293491	-1.680127838	1.680127838	-1.721069008	1.721069008	1.737943885	-1.737943885	-1.767353554	1.767353554	-1.785514928	1.785514928	1.798410364	-1.798410364	1.849051968	-1.849051968	1.9282706	-1.9282706	1.956130603	-1.956130603	-1.964043137	1.964043137	-1.981157378	1.981157378	2.043784198	-2.043784198	2.048723792	-2.048723792	2.074272723	-2.074272723	2.081481353	-2.081481353	-2.161470029	2.161470029	-2.182584521	2.182584521	-2.20515562	2.20515562	-2.371369761	2.371369761	2.378773986	-2.378773986	2.379678772	-2.379678772	-2.397479934	2.397479934	2.459316833	-2.459316833	-2.495535339	2.495535339	-2.516769627	2.516769627	
-0.86	0.03489007306	-0.03489007306	-0.06465229411	0.06465229411	-0.1637653286	0.1637653286	-0.2240670585	0.2240670585	0.2881114563	-0.2881114563	-0.3239480194	0.3239480194	-0.374645799	0.374645799	-0.3779347031	0.3779347031	-0.4245296805	0.4245296805	0.4783997529	-0.4783997529	0.4986806695	-0.4986806695	-0.6248791515	0.6248791515	0.7043970548	-0.7043970548	-0.7408848621	0.7408848621	0.8536630704	-0.8536630704	0.911848155	-0.911848155	-0.9897637476	0.9897637476	-1.019026125	1.019026125	-1.036379165	1.036379165	-1.126598357	1.126598357	1.190871471	-1.190871471	-1.205404367	1.205404367	-1.20737761	1.20737761	-1.260595999	1.260595999	1.30035759	-1.30035759	1.344499281	-1.344499281	-1.424162424	1.424162424	-1.451909255	1.451909255	-1.488580214	1.488580214	1.602205284	-1.602205284	1.61732948	-1.61732948	1.641171542	-1.641171542	-1.649164032	1.649164032	-1.658966707	1.658966707	-1.672015267	1.672015267	1.679067697	-1.679067697	1.720652826	-1.720652826	-1.7379666	1.7379666	1.767324547	-1.767324547	-1.783374589	1.783374589	-1.798148253	1.798148253	1.848879156	-1.848879156	-1.92888783	1.92888783	1.956388032	-1.956388032	-1.964294277	1.964294277	1.979676865	-1.979676865	-2.043729971	2.043729971	2.048667276	-2.048667276	2.075484451	-2.075484451	-2.081361676	2.081361676	2.161586305	-2.161586305	-2.182718087	2.182718087	-2.205178394	2.205178394	-2.371188378	2.371188378	2.378920585	-2.378920585	-2.379514827	2.379514827	2.39756342	-2.39756342	-2.459734109	2.459734109	-2.495409719	2.495409719	2.516590906	-2.516590906	
-0.85	0.04076786557	-0.04076786557	-0.06556500207	0.06556500207	-0.1585280864	0.1585280864	0.2178746787	-0.2178746787	0.2847988208	-0.2847988208	-0.320378864	0.320378864	-0.3758963761	0.3758963761	-0.3811045752	0.3811045752	-0.4280998984	0.4280998984	-0.4863051555	0.4863051555	0.5049912861	-0.5049912861	0.6300768094	-0.6300768094	0.7043026044	-0.7043026044	-0.7409047158	0.7409047158	0.8532007447	-0.8532007447	0.9100736453	-0.9100736453	0.9897874064	-0.9897874064	1.018998588	-1.018998588	-1.033068244	1.033068244	1.129768009	-1.129768009	-1.189380693	1.189380693	-1.206097171	1.206097171	-1.207653344	1.207653344	-1.260806255	1.260806255	1.300307676	-1.300307676	1.34104907	-1.34104907	1.42421585	-1.42421585	-1.451809502	1.451809502	1.488595237	-1.488595237	1.601738201	-1.601738201	1.616321852	-1.616321852	1.640463393	-1.640463393	1.649166997	-1.649166997	-1.661011207	1.661011207	-1.671427932	1.671427932	1.678312775	-1.678312775	-1.720220286	1.720220286	-1.737990881	1.737990881	-1.767293003	1.767293003	-1.781259307	1.781259307	-1.797862682	1.797862682	1.848694961	-1.848694961	-1.929542883	1.929542883	1.956663186	-1.956663186	-1.96456228	1.96456228	1.978098087	-1.978098087	2.04367168	-2.04367168	-2.048607151	2.048607151	-2.076665274	2.076665274	2.081266962	-2.081266962	2.161718919	-2.161718919	-2.182867081	2.182867081	-2.205202811	2.205202811	-2.371001845	2.371001845	-2.379069809	2.379069809	2.379340811	-2.379340811	2.397651265	-2.397651265	2.460177227	-2.460177227	2.495276565	-2.495276565	-2.516410662	2.516410662	
-0.84	0.04470329559	-0.04470329559	-0.067960451	0.067960451	0.1530744113	-0.1530744113	-0.2115236748	0.2115236748	0.28148145	-0.28148145	-0.3168059526	0.3168059526	-0.3775942083	0.3775942083	0.3842691737	-0.3842691737	0.4316738816	-0.4316738816	-0.4941857775	0.4941857775	0.5114705682	-0.5114705682	0.6354937819	-0.6354937819	-0.7042011649	0.7042011649	-0.7409258632	0.7409258632	-0.852708382	0.852708382	0.908180439	-0.908180439	-0.9898124879	0.9898124879	-1.018969456	1.018969456	1.029752552	-1.029752552	1.132932382	-1.132932382	1.18778973	-1.18778973	1.206830254	-1.206830254	1.20794667	-1.20794667	-1.260917338	1.260917338	-1.300254207	1.300254207	1.337556535	-1.337556535	1.424272853	-1.424272853	-1.451701982	1.451701982	1.488611359	-1.488611359	1.601240932	-1.601240932	1.615194869	-1.615194869	1.639735437	-1.639735437	1.649181808	-1.649181808	1.662957127	-1.662957127	1.670484067	-1.670484067	1.677908717	-1.677908717	1.719777332	-1.719777332	1.738016688	-1.738016688	1.767258913	-1.767258913	1.779173328	-1.779173328	1.797554511	-1.797554511	-1.848499698	1.848499698	1.930233949	-1.930233949	-1.956955762	1.956955762	-1.964846821	1.964846821	1.976422364	-1.976422364	2.043609339	-2.043609339	-2.048543454	2.048543454	-2.077814665	2.077814665	2.081197394	-2.081197394	-2.161867382	2.161867382	2.183031628	-2.183031628	2.205228852	-2.205228852	2.370810767	-2.370810767	2.379157112	-2.379157112	-2.379221087	2.379221087	-2.397743144	2.397743144	2.460645383	-2.460645383	2.495136018	-2.495136018	-2.516229509	2.516229509	
-0.83	0.04614931252	-0.04614931252	-0.07239614972	0.07239614973	-0.1474230352	0.1474230352	-0.2050346615	0.2050346615	-0.2781596066	0.2781596066	-0.31323006	0.31323006	-0.379723882	0.379723882	0.3874282	-0.3874282	-0.4352508534	0.4352508534	0.5020383714	-0.5020383714	-0.5180980641	0.5180980641	-0.6411134444	0.6411134444	-0.7040927065	0.7040927065	-0.7409483196	0.7409483196	-0.8521864241	0.8521864241	0.9061708553	-0.9061708553	-0.9898389405	0.9898389405	-1.018938786	1.018938786	1.026432346	-1.026432346	-1.136091174	1.136091174	-1.186100035	1.186100035	-1.207601587	1.207601587	-1.208257263	1.208257263	-1.260928902	1.260928902	-1.300197184	1.300197184	1.334023734	-1.334023734	1.424333397	-1.424333397	-1.451586581	1.451586581	1.488628584	-1.488628584	1.600713921	-1.600713921	1.613941599	-1.613941599	-1.638997307	1.638997307	1.649207024	-1.649207024	-1.664795543	1.664795543	-1.669226486	1.669226486	-1.67781083	1.67781083	-1.719331168	1.719331168	-1.738043979	1.738043979	-1.767222274	1.767222274	-1.777120841	1.777120841	-1.797224708	1.797224708	1.848293696	-1.848293696	-1.930959171	1.930959171	1.957265439	-1.957265439	-1.965147557	1.965147557	-1.974651076	1.974651076	2.043542961	-2.043542961	2.048476221	-2.048476221	-2.078932166	2.078932166	-2.081153111	2.081153111	-2.162031145	2.162031145	-2.183211869	2.183211869	-2.205256496	2.205256496	-2.370615675	2.370615675	2.37896412	-2.37896412	2.379373923	-2.379373923	-2.397838731	2.397838731	2.461137734	-2.461137734	2.494988226	-2.494988226	2.516048002	-2.516048002	
-0.82	-0.04553809058	0.04553809058	-0.07845165636	0.07845165636	0.1415934677	-0.1415934677	-0.1984254476	0.1984254476	0.2748335081	-0.2748335081	0.3096517981	-0.3096517981	-0.382267212	0.382267212	0.3905813947	-0.3905813947	0.4388302005	-0.4388302005	0.5098601084	-0.5098601084	-0.524855783	0.524855783	0.6469199862	-0.6469199862	0.7039772064	-0.7039772064	-0.740972102	0.740972102	0.8516353392	-0.8516353392	0.9040472791	-0.9040472791	-0.9898667108	0.9898667108	1.018906638	-1.018906638	1.023107841	-1.023107841	1.13924412	-1.13924412	1.184313115	-1.184313115	1.208409096	-1.208409096	1.208584785	-1.208584785	-1.260840709	1.260840709	1.300136609	-1.300136609	1.33045274	-1.33045274	1.424397441	-1.424397441	-1.45146318	1.45146318	1.488646913	-1.488646913	1.600157639	-1.600157639	1.612556034	-1.612556034	1.638257911	-1.638257911	1.649241104	-1.649241104	1.666516183	-1.666516183	-1.667739522	1.667739522	1.677932844	-1.677932844	-1.718890396	1.718890396	1.738072712	-1.738072712	1.767183082	-1.767183082	1.775105961	-1.775105961	1.796874339	-1.796874339	1.848077298	-1.848077298	-1.931716658	1.931716658	1.957591878	-1.957591878	1.965464134	-1.965464134	1.972785661	-1.972785661	2.043472561	-2.043472561	2.048405488	-2.048405488	2.080017383	-2.080017383	-2.081134211	2.081134211	2.162209604	-2.162209604	-2.183407953	2.183407953	2.205285718	-2.205285718	-2.370417035	2.370417035	2.378762224	-2.378762224	-2.379527886	2.379527886	-2.39793771	2.39793771	-2.461653409	2.461653409	-2.494833345	2.494833345	-2.515866643	2.515866643	
-0.81	-0.04360468903	0.04360468903	-0.08540200806	0.08540200806	-0.135608239	0.135608239	-0.191711443	0.191711443	-0.2715033388	0.2715033388	-0.3060716584	0.3060716584	-0.3852038663	0.3852038663	-0.3937285261	0.3937285261	-0.4424114304	0.4424114304	0.5176486582	-0.5176486582	0.5317276905	-0.5317276905	-0.6528984388	0.6528984388	-0.703854651	0.703854651	-0.7409972293	0.7409972293	0.8510556208	-0.8510556208	0.9018121483	-0.9018121483	0.9898957436	-0.9898957436	-1.018873074	1.018873074	1.019779221	-1.019779221	-1.142390984	1.142390984	-1.182430535	1.182430535	-1.20892888	1.20892888	-1.209250675	1.209250675	-1.260652628	1.260652628	1.300072483	-1.300072483	-1.326845648	1.326845648	-1.424464945	1.424464945	1.451331649	-1.451331649	-1.488666352	1.488666352	-1.599572581	1.599572581	1.611033402	-1.611033402	1.637525044	-1.637525044	1.649282406	-1.649282406	-1.666094245	1.666094245	-1.668107334	1.668107334	-1.678201799	1.678201799	1.718465112	-1.718465112	-1.73810284	1.73810284	1.767141336	-1.767141336	-1.773132695	1.773132695	1.796504561	-1.796504561	1.847850861	-1.847850861	-1.932504494	1.932504494	-1.95793472	1.95793472	-1.96579618	1.96579618	-1.970827612	1.970827612	2.043398153	-2.043398153	-2.04833129	2.04833129	-2.081069984	2.081069984	2.081140747	-2.081140747	2.162402105	-2.162402105	2.183620039	-2.183620039	-2.205316496	2.205316496	2.37021526	-2.37021526	2.37855181	-2.37855181	2.379682604	-2.379682604	2.398039769	-2.398039769	2.46219151	-2.46219151	-2.49467154	2.49467154	2.515685891	-2.515685891	
-0.8	-0.04081823257	0.04081823257	-0.09277841982	0.09277841982	-0.1295003754	0.1295003754	-0.1849060163	0.1849060163	-0.2681692586	0.2681692586	0.3024900424	-0.3024900424	-0.3885119943	0.3885119943	0.3968693824	-0.3968693824	-0.4459941409	0.4459941409	-0.5254022602	0.5254022602	0.5386992635	-0.5386992635	-0.6590346818	0.6590346818	-0.7037250404	0.7037250404	-0.7410237227	0.7410237227	0.850447788	-0.850447788	0.8994679412	-0.8994679412	0.9899259823	-0.9899259823	1.016446646	-1.016446646	-1.018838159	1.018838159	-1.145531548	1.145531548	1.180453909	-1.180453909	1.20928918	-1.20928918	-1.210124194	1.210124194	-1.260364637	1.260364637	1.30000481	-1.30000481	-1.323204571	1.323204571	1.424535862	-1.424535862	-1.451191852	1.451191852	-1.488686902	1.488686902	-1.598959267	1.598959267	-1.609370394	1.609370394	1.636805129	-1.636805129	1.64932911	-1.64932911	-1.664336388	1.664336388	-1.669555823	1.669555823	1.678570259	-1.678570259	-1.718066935	1.718066935	-1.738134316	1.738134316	1.767097036	-1.767097036	1.771204919	-1.771204919	-1.796116615	1.796116615	1.84761475	-1.84761475	-1.93332075	1.93332075	-1.95829358	1.95829358	-1.96614331	1.96614331	-1.968778484	1.968778484	-2.043319752	2.043319752	2.048253662	-2.048253662	2.081172729	-2.081172729	-2.082089693	2.082089693	-2.162607946	2.162607946	-2.183848292	2.183848292	-2.205348804	2.205348804	-2.370010715	2.370010715	2.378333258	-2.378333258	2.379837753	-2.379837753	-2.398144605	2.398144605	-2.462751114	2.462751114	-2.49450298	2.49450298	2.515506171	-2.515506171	
-0.79	-0.0374225397	0.0374225397	-0.1002923043	0.1002923043	-0.1233481587	0.1233481587	-0.178020806	0.178020806	-0.264831409	0.264831409	0.2989072828	-0.2989072828	-0.3921688202	0.3921688202	0.4000037654	-0.4000037654	0.4495779988	-0.4495779988	-0.5331197695	0.5331197695	0.545757117	-0.545757117	0.6653154326	-0.6653154326	0.7035883926	-0.7035883926	-0.7410516061	0.7410516061	0.8498123844	-0.8498123844	-0.8970171663	0.8970171663	0.9899573689	-0.9899573689	1.013110262	-1.013110262	-1.018801956	1.018801956	1.148665609	-1.148665609	-1.178384901	1.178384901	-1.209665301	1.209665301	-1.211027515	1.211027515	-1.259976824	1.259976824	1.299933596	-1.299933596	-1.319531653	1.319531653	1.424610146	-1.424610146	1.451043642	-1.451043642	1.488708568	-1.488708568	-1.59831824	1.59831824	-1.607565258	1.607565258	1.636103087	-1.636103087	1.649379	-1.649379	-1.66249342	1.66249342	-1.670847126	1.670847126	-1.679009508	1.679009508	-1.717708906	1.717708906	1.738167093	-1.738167093	-1.767050188	1.767050188	-1.769326344	1.769326344	-1.795711812	1.795711812	1.847369344	-1.847369344	-1.934163495	1.934163495	-1.95866803	1.95866803	1.966505128	-1.966505128	1.966639907	-1.966639907	-2.043237375	2.043237375	2.048172638	-2.048172638	-2.081230119	2.081230119	-2.083076289	2.083076289	-2.162826385	2.162826385	2.184092879	-2.184092879	-2.205382614	2.205382614	-2.369803728	2.369803728	-2.378106947	2.378106947	-2.379993048	2.379993048	-2.398251927	2.398251927	-2.463331275	2.463331275	-2.494327845	2.494327845	-2.515327876	2.515327876	
-0.78	-0.03354990694	0.03354990694	0.1073992711	-0.1073992711	-0.1175968283	0.1175968283	-0.1710659883	0.1710659883	-0.2614899179	0.2614899179	0.2953236598	-0.2953236598	-0.3961511758	0.3961511759	0.4031314871	-0.4031314871	-0.4531627238	0.4531627238	0.5408006627	-0.5408006627	-0.5528887178	0.5528887178	-0.6717282225	0.6717282225	0.7034447501	-0.7034447501	-0.7410809063	0.7410809063	0.8491499783	-0.8491499783	0.8944623518	-0.8944623518	0.9899898445	-0.9899898445	1.009770197	-1.009770197	-1.018764535	1.018764535	1.151792973	-1.151792973	-1.176225225	1.176225225	1.210056846	-1.210056846	-1.211958493	1.211958493	-1.259489388	1.259489388	1.299858845	-1.299858845	-1.315829067	1.315829067	-1.424687746	1.424687746	-1.450886865	1.450886865	-1.488731352	1.488731352	1.597650065	-1.597650065	-1.60561778	1.60561778	1.635422348	-1.635422348	1.649428983	-1.649428983	1.660582625	-1.660582625	-1.671965647	1.671965647	1.679502	-1.679502	-1.71740521	1.71740521	1.738201122	-1.738201122	1.767000796	-1.767000796	1.767500487	-1.767500487	1.795291526	-1.795291526	1.847115027	-1.847115027	-1.935030801	1.935030801	-1.959057526	1.959057526	1.964413658	-1.964413658	1.966881225	-1.966881225	2.043151037	-2.043151037	2.04808825	-2.04808825	-2.081312837	2.081312837	-2.084029602	2.084029602	-2.163056644	2.163056644	2.184353966	-2.184353966	-2.205417899	2.205417899	-2.369594591	2.369594591	-2.377873243	2.377873243	2.380148242	-2.380148242	2.398361453	-2.398361453	-2.463931031	2.463931031	-2.494146321	2.494146321	2.515151373	-2.515151373	
-0.77	0.02928066045	-0.02928066045	0.1084872562	-0.1084872562	0.1178104754	-0.1178104754	0.1640505083	-0.1640505083	0.2581449023	-0.2581449023	0.2917394119	-0.2917394119	-0.4004359542	0.4004359542	-0.406252366	0.406252366	-0.4567480768	0.4567480768	-0.5484449903	0.5484449903	0.5600821879	-0.5600821879	0.6782613642	-0.6782613642	0.7032941877	-0.7032941877	0.7411116538	-0.7411116538	0.848461162	-0.848461162	0.8918060367	-0.8918060367	-0.9900233491	0.9900233491	1.006426572	-1.006426573	-1.018725962	1.018725962	1.154913452	-1.154913452	1.173976641	-1.173976641	1.210463407	-1.210463407	1.212914992	-1.212914992	-1.258902641	1.258902641	1.299780565	-1.299780565	1.312099027	-1.312099027	1.424768609	-1.424768609	1.45072136	-1.45072136	1.48875526	-1.48875526	1.596955333	-1.596955333	1.603529148	-1.603529148	1.634764968	-1.634764968	1.649473936	-1.649473936	-1.658617084	1.658617084	1.672895246	-1.672895246	1.680036571	-1.680036571	-1.717170662	1.717170662	1.738236353	-1.738236353	1.765730637	-1.765730637	-1.766948871	1.766948871	1.794857177	-1.794857177	1.846852194	-1.846852194	1.935920756	-1.935920756	1.959460866	-1.959460866	1.962102204	-1.962102204	1.967271184	-1.967271184	2.043060758	-2.043060758	2.04800053	-2.04800053	-2.081420754	2.081420754	2.084949508	-2.084949508	2.163297915	-2.163297915	2.184631715	-2.184631715	-2.205454629	2.205454629	2.369383572	-2.369383572	2.377632511	-2.377632511	2.380303118	-2.380303118	-2.398472913	2.398472913	2.464549406	-2.464549406	2.493958603	-2.493958603	2.514977001	-2.514977001	
-0.76	-0.02466954924	0.02466954924	0.1026405682	-0.1026405682	-0.1248812749	0.1248812749	-0.1569822798	0.1569822798	-0.2547964712	0.2547964712	0.2881547458	-0.2881547458	-0.405000479	0.405000479	-0.4093662248	0.4093662248	0.4603338513	-0.4603338513	-0.556053273	0.556053273	0.5673261975	-0.5673261975	0.6849039122	-0.6849039122	-0.7031368237	0.7031368237	-0.7411438834	0.7411438834	0.8477465515	-0.8477465515	0.8890507633	-0.8890507633	0.9900578222	-0.9900578222	-1.0030795	1.0030795	1.018686308	-1.018686308	1.158026863	-1.158026863	-1.171640952	1.171640952	1.210884559	-1.210884559	-1.213894884	1.213894884	-1.258217005	1.258217005	1.299698765	-1.299698765	1.308343787	-1.308343787	1.424852678	-1.424852678	1.450546954	-1.450546954	1.488780294	-1.488780294	1.596234655	-1.596234655	-1.601301746	1.601301746	-1.63413183	1.63413183	1.649503487	-1.649503487	-1.656611632	1.656611632	1.673620021	-1.673620021	1.680605744	-1.680605744	1.717019933	-1.717019933	1.738272739	-1.738272739	-1.764019828	1.764019828	1.766894425	-1.766894425	-1.794410225	1.794410225	1.846581244	-1.846581244	-1.936831469	1.936831469	1.959665055	-1.959665055	-1.959919835	1.959919835	1.967674574	-1.967674574	2.042966556	-2.042966556	2.047909509	-2.047909509	-2.0815537	2.0815537	-2.085835928	2.085835928	-2.163549364	2.163549364	-2.184926275	2.184926275	-2.205492772	2.205492772	-2.36917091	2.36917091	-2.377385105	2.377385105	2.380457482	-2.380457482	2.398586049	-2.398586049	-2.46518541	2.46518541	-2.493764893	2.493764893	-2.514805078	2.514805078	
-0.75	-0.0197576328	0.0197576328	0.09604413192	-0.09604413192	-0.1326131198	0.1326131198	0.1498683617	-0.1498683617	0.2514447273	-0.2514447273	-0.2845698421	0.2845698421	-0.4098227895	0.4098227895	-0.412472889	0.412472889	-0.4639198665	0.4639198665	0.5636263506	-0.5636263506	0.5746099311	-0.5746099311	-0.6916456198	0.6916456198	-0.7029728345	0.7029728345	-0.7411776351	0.7411776351	0.8470067861	-0.8470067861	0.8861990699	-0.8861990699	0.9900932028	-0.9900932028	-0.9997290845	0.9997290845	-1.018645643	1.018645643	1.161133023	-1.161133023	-1.169220005	1.169220005	1.21131987	-1.21131987	-1.214896059	1.214896059	-1.257433017	1.257433017	-1.299613454	1.299613454	1.304565654	-1.304565654	-1.424939895	1.424939895	1.450363468	-1.450363468	1.48880646	-1.48880646	-1.595488665	1.595488665	-1.598938904	1.598938904	-1.633522876	1.633522876	1.649491016	-1.649491016	-1.654595392	1.654595392	1.67412532	-1.67412532	1.681204238	-1.681204238	1.716966537	-1.716966537	1.738310231	-1.738310231	-1.762370812	1.762370812	-1.766837475	1.766837475	-1.793952153	1.793952153	-1.846302582	1.846302582	1.937761077	-1.937761077	1.957218755	-1.957218755	1.960319213	-1.960319213	1.96809096	-1.96809096	-2.042868451	2.042868451	2.047815216	-2.047815216	-2.081711456	2.081711456	2.086688825	-2.086688825	-2.163810142	2.163810142	2.185237786	-2.185237786	-2.205532298	2.205532298	-2.368956829	2.368956829	2.377131372	-2.377131372	-2.380611166	2.380611166	2.398700616	-2.398700616	2.465838045	-2.465838045	2.4935654	-2.4935654	2.514635901	-2.514635901	
-0.74	-0.01457795452	0.01457795452	0.08924621736	-0.08924621736	0.1404530737	-0.1404530737	-0.1427151186	0.1427151186	-0.2480897687	0.2480897687	0.2809848613	-0.2809848613	-0.4148818479	0.4148818479	0.4155721846	-0.4155721846	0.4675059619	-0.4675059619	0.5711651989	-0.5711651989	0.5819231059	-0.5819231059	-0.698476893	0.698476893	0.7028024744	-0.7028024744	-0.7412129553	0.7412129553	0.8462425285	-0.8462425285	0.8832534856	-0.8832534856	0.9901294296	-0.9901294296	0.9963754272	-0.9963754272	-1.018604037	1.018604037	-1.164231752	1.164231752	-1.16671569	1.16671569	-1.211768895	1.211768895	-1.215916423	1.215916423	-1.256551327	1.256551327	1.299524644	-1.299524644	1.300766991	-1.300766991	-1.425030197	1.425030197	-1.450170712	1.450170712	1.48883376	-1.48883376	-1.594718017	1.594718017	-1.596444648	1.596444648	1.632937346	-1.632937346	1.649344727	-1.649344727	1.652661578	-1.652661578	1.674398886	-1.674398886	-1.681828123	1.681828123	1.717021706	-1.717021706	1.738348783	-1.738348783	1.760786033	-1.760786033	-1.766778039	1.766778039	1.79348446	-1.79348446	-1.846016618	1.846016618	1.938707751	-1.938707751	1.954658713	-1.954658713	-1.960764943	1.960764943	1.968519895	-1.968519895	2.042766465	-2.042766465	-2.047717678	2.047717678	2.081893761	-2.081893761	-2.087508202	2.087508202	-2.164079387	2.164079387	2.185566365	-2.185566365	-2.205573171	2.205573171	-2.368741531	2.368741531	2.37687165	-2.37687165	2.380764019	-2.380764019	2.39881638	-2.39881638	-2.466506307	2.466506307	2.493360342	-2.493360342	2.514469744	-2.514469744	
-0.73	-0.009158444376	0.009158444376	0.08232956163	-0.08232956164	0.135528374	-0.135528374	0.1483172854	-0.1483172854	-0.2447316896	0.2447316896	0.2773999475	-0.2773999475	0.418663938	-0.418663938	-0.4201576779	0.4201576779	-0.4710919937	0.4710919937	0.5786707367	-0.5786707367	0.5892560128	-0.5892560128	-0.7026261033	0.7026261033	0.7053887442	-0.7053887442	0.741249898	-0.741249898	0.8454544639	-0.8454544639	0.8802165258	-0.8802165258	0.9901664415	-0.9901664415	0.9930186246	-0.9930186246	1.018561562	-1.018561562	1.164129932	-1.164129932	1.167322867	-1.167322867	-1.212231179	1.212231179	1.2169539	-1.2169539	-1.255572697	1.255572697	-1.296950233	1.296950233	1.299432349	-1.299432349	1.42512352	-1.42512352	1.449968489	-1.449968489	1.4888622	-1.4888622	1.593823465	-1.593823465	1.593923389	-1.593923389	1.632373999	-1.632373999	-1.648696898	1.648696898	1.651178782	-1.651178782	1.674431921	-1.674431921	1.682474333	-1.682474333	-1.717193319	1.717193319	1.738388352	-1.738388352	1.759267608	-1.759267608	1.76671614	-1.76671614	-1.793008644	1.793008644	1.845723766	-1.845723766	-1.939669701	1.939669701	-1.952018675	1.952018675	-1.961224659	1.961224659	1.968960926	-1.968960926	-2.042660621	2.042660621	2.047616923	-2.047616923	2.08210031	-2.08210031	-2.088294097	2.088294097	-2.164356232	2.164356232	2.185912109	-2.185912109	2.205615358	-2.205615358	2.368525206	-2.368525206	2.376606272	-2.376606272	2.380915908	-2.380915908	2.398933121	-2.398933121	2.467189187	-2.467189187	2.493149944	-2.493149944	-2.514306863	2.514306863	
-0.72	-0.003523531223	0.003523531224	0.07532306165	-0.07532306165	0.1283135719	-0.1283135719	-0.1561777052	0.1561777052	-0.2413705815	0.2413705815	0.2738152316	-0.2738152316	-0.4217479739	0.4217479739	-0.4256314463	0.4256314463	0.474677831	-0.474677831	0.5861436399	-0.5861436399	0.5965995575	-0.5965995575	-0.7024442259	0.7024442259	0.7123727455	-0.7123727455	-0.741288527	0.741288527	0.8446433007	-0.8446433007	0.8770906889	-0.8770906889	0.9896587707	-0.9896587707	0.990204177	-0.990204177	1.018518289	-1.018518289	1.1614647	-1.1614647	-1.170406184	1.170406184	1.212706257	-1.212706257	-1.218006428	1.218006428	-1.254498002	1.254498002	-1.293117893	1.293117893	-1.299336583	1.299336583	1.425219794	-1.425219794	1.44975659	-1.44975659	1.488891783	-1.488891783	-1.591080111	1.591080111	1.593105477	-1.593105477	1.631831288	-1.631831288	-1.647093304	1.647093304	1.650601871	-1.650601871	1.674219861	-1.674219861	1.683140371	-1.683140371	1.717485143	-1.717485143	1.738428897	-1.738428897	1.757817308	-1.757817308	1.766651805	-1.766651805	1.792526191	-1.792526191	1.845424438	-1.845424438	-1.940645182	1.940645182	-1.949301121	1.949301121	-1.961697291	1.961697291	1.969413594	-1.969413594	2.042550944	-2.042550944	2.047512976	-2.047512976	2.082330755	-2.082330755	2.089046582	-2.089046582	-2.164639812	2.164639812	2.186275087	-2.186275087	2.205658822	-2.205658822	-2.368308032	2.368308032	2.37633556	-2.37633556	2.381066713	-2.381066713	-2.399050629	2.399050629	-2.467885677	2.467885677	2.492934438	-2.492934438	-2.514147495	2.514147495	
-0.71	-0.002304852823	0.002304852824	0.06824243918	-0.06824243919	0.1210759688	-0.1210759688	0.1640205284	-0.1640205284	0.238006534	-0.238006534	0.2702308342	-0.2702308342	0.4248241153	-0.4248241153	-0.4312854983	0.4312854983	0.4782633536	-0.4782633536	0.5935841758	-0.5935841758	0.6039452773	-0.6039452773	0.7022575478	-0.7022575478	0.7194209827	-0.7194209827	0.7413289182	-0.7413289182	0.8438097696	-0.8438097696	0.8738784546	-0.8738784546	-0.9862959569	0.9862959569	0.9902425754	-0.9902425754	1.018474289	-1.018474289	-1.158721996	1.158721996	1.173481515	-1.173481515	-1.213193656	1.213193656	1.219071949	-1.219071949	1.253328228	-1.253328228	1.289272583	-1.289272583	1.299237362	-1.299237362	1.425318949	-1.425318949	1.449534799	-1.449534799	1.488922513	-1.488922513	-1.588219453	1.588219453	1.592264998	-1.592264998	1.631307505	-1.631307505	-1.6449839	1.6449839	1.650481521	-1.650481521	1.673762675	-1.673762675	1.683824126	-1.683824126	1.717896533	-1.717896533	1.738470382	-1.738470382	1.756436556	-1.756436556	1.766585065	-1.766585065	-1.79203857	1.79203857	-1.845119053	1.845119053	1.941632497	-1.941632497	1.946508085	-1.946508085	-1.962182243	1.962182243	-1.969877432	1.969877432	2.042437459	-2.042437459	2.047405863	-2.047405863	-2.08258471	2.08258471	2.089765764	-2.089765764	2.164929271	-2.164929271	-2.186655332	2.186655332	2.205703526	-2.205703526	-2.368090175	2.368090175	-2.376059831	2.376059831	-2.381216327	2.381216327	-2.399168709	2.399168709	2.468594767	-2.468594768	2.492714063	-2.492714063	-2.513991857	2.513991857	
-0.7	-0.008306521157	0.008306521158	0.06109868476	-0.06109868477	0.1138209004	-0.1138209004	0.1718372334	-0.1718372334	0.2346396352	-0.2346396352	0.2666468675	-0.2666468675	0.4278921825	-0.4278921825	-0.4371033566	0.4371033566	-0.4818484499	0.4818484499	0.6009920605	-0.6009920605	0.611285321	-0.611285321	0.7020670585	-0.7020670585	0.7265260101	-0.7265260101	0.7413711627	-0.7413711627	0.842954624	-0.842954624	0.8705822835	-0.8705822835	-0.9829302734	0.9829302734	0.9902815759	-0.9902815759	1.018429635	-1.018429635	1.15590386	-1.15590386	1.176548667	-1.176548667	1.213692893	-1.213692893	-1.220148401	1.220148401	-1.252064474	1.252064474	1.285417033	-1.285417033	1.299134703	-1.299134703	1.42542091	-1.42542091	1.449302891	-1.449302891	1.488954393	-1.488954393	1.585246352	-1.585246352	-1.591402691	1.591402691	1.630800866	-1.630800866	1.642699311	-1.642699311	1.650487879	-1.650487879	1.673064617	-1.673064617	-1.684523762	1.684523762	-1.718422689	1.718422689	1.738512776	-1.738512776	1.755126415	-1.755126415	-1.766515952	1.766515952	1.791547215	-1.791547215	1.844808027	-1.844808027	1.942629998	-1.942629998	1.943641551	-1.943641551	1.962678996	-1.962678996	-1.970351969	1.970351969	2.042320194	-2.042320194	2.047295608	-2.047295608	2.082861747	-2.082861747	2.090451775	-2.090451775	-2.165223766	2.165223766	2.187052844	-2.187052844	2.205749431	-2.205749431	-2.367871793	2.367871793	2.375779394	-2.375779394	-2.381364655	2.381364655	-2.399287173	2.399287173	-2.469315455	2.469315455	2.492489067	-2.492489067	2.513840147	-2.513840147	
-0.69	-0.01446228766	0.01446228766	0.05390059528	-0.05390059528	0.1065542168	-0.1065542168	0.1796217371	-0.1796217371	0.2312699723	-0.2312699723	-0.2630634369	0.2630634369	0.4309519921	-0.4309519921	-0.4430696946	0.4430696947	0.485433015	-0.485433015	-0.608366335	0.608366335	0.6186123769	-0.6186123769	-0.7018741572	0.7018741572	0.7336808065	-0.7336808065	-0.7414153718	0.7414153718	0.8420786399	-0.8420786399	0.8672046188	-0.8672046188	0.9795618091	-0.9795618091	0.9903211188	-0.9903211188	-1.018384398	1.018384398	1.153012368	-1.153012368	1.179607444	-1.179607444	-1.214203478	1.214203478	-1.221233688	1.221233688	-1.25070795	1.25070795	1.281554121	-1.281554121	1.299028627	-1.299028627	1.425525599	-1.425525599	1.44906063	-1.44906063	-1.488987428	1.488987428	-1.582165583	1.582165583	1.590519311	-1.590519311	-1.630309552	1.630309552	-1.640322726	1.640322726	-1.650538791	1.650538791	1.672133519	-1.672133519	-1.685237635	1.685237635	1.719055359	-1.719055359	1.738556054	-1.738556054	1.753887593	-1.753887593	-1.766444507	1.766444507	-1.791053524	1.791053524	1.844491775	-1.844491775	-1.940703514	1.940703514	1.943636092	-1.943636092	-1.963187051	1.963187051	-1.970836725	1.970836725	2.042199179	-2.042199179	2.047182234	-2.047182234	2.0831614	-2.0831614	2.091104777	-2.091104777	-2.165522475	2.165522475	-2.187467578	2.187467578	-2.205796497	2.205796497	2.367653034	-2.367653034	-2.375494552	2.375494552	2.381511609	-2.381511609	2.399405849	-2.399405849	2.470046741	-2.470046741	2.492259702	-2.492259702	-2.513692548	2.513692548	
-0.68	-0.02075292722	0.02075292722	0.04665573732	-0.04665573732	0.09928310872	-0.09928310872	0.1873692457	-0.1873692457	0.2278976322	-0.2278976322	0.259480643	-0.259480643	0.4340033571	-0.4340033571	-0.4491702905	0.4491702905	-0.4890169492	0.4890169492	0.6157052464	-0.6157052464	0.6259195314	-0.6259195314	0.7016808483	-0.7016808483	0.7408787313	-0.7408787313	0.7414616822	-0.7414616822	0.8411826163	-0.8411826163	0.8637478904	-0.8637478904	0.9761906524	-0.9761906524	0.9903611446	-0.9903611446	1.018338648	-1.018338648	1.150049632	-1.150049632	1.182657641	-1.182657641	-1.214724914	1.214724914	1.222325648	-1.222325648	-1.249259974	1.249259974	1.277686919	-1.277686919	1.298919154	-1.298919154	1.425632934	-1.425632934	-1.448807771	1.448807771	1.489021621	-1.489021621	1.578981778	-1.578981778	1.589615635	-1.589615635	1.629831656	-1.629831656	1.637879807	-1.637879807	1.650610054	-1.650610054	1.670979812	-1.670979812	1.685964252	-1.685964252	1.719783823	-1.719783823	1.738600203	-1.738600203	-1.75272045	1.75272045	1.766370771	-1.766370771	1.790558842	-1.790558842	1.844170713	-1.844170713	1.937695998	-1.937695998	-1.944649243	1.944649243	-1.963705908	1.963705908	1.97133122	-1.97133122	2.042074445	-2.042074445	2.047065766	-2.047065766	2.08348317	-2.08348317	2.091724959	-2.091724959	-2.165824603	2.165824603	-2.187899446	2.187899446	2.205844683	-2.205844683	-2.367434043	2.367434043	2.375205601	-2.375205601	2.381657113	-2.381657113	-2.399524571	2.399524571	-2.470787633	2.470787633	2.492026226	-2.492026226	-2.513549224	2.513549224	
-0.67	-0.02715720083	0.02715720084	0.03937088228	-0.03937088228	0.09201792565	-0.09201792565	0.1950757082	-0.1950757082	0.2245227016	-0.2245227016	0.2558985827	-0.2558985827	0.4370460858	-0.4370460858	0.4553919682	-0.4553919682	0.4926001573	-0.4926001573	-0.6230061177	0.6230061177	0.6332000248	-0.6332000248	0.7014900577	-0.7014900577	0.7415102651	-0.7415102651	-0.7481134793	0.7481134793	0.8402673752	-0.8402673752	0.8602145231	-0.8602145231	0.9728168916	-0.9728168916	0.990401595	-0.990401595	1.018292455	-1.018292455	1.147017795	-1.147017795	1.185699045	-1.185699045	1.215256695	-1.215256695	1.223421989	-1.223421989	-1.247721973	1.247721973	-1.273818758	1.273818758	1.298806306	-1.298806306	1.42574283	-1.42574283	1.44854406	-1.44854406	1.489056975	-1.489056975	1.575699395	-1.575699395	-1.588692456	1.588692456	1.629364905	-1.629364905	1.635382107	-1.635382107	1.650692335	-1.650692335	1.669615489	-1.669615489	-1.686702227	1.686702227	1.720595929	-1.720595929	-1.738645219	1.738645219	1.751625009	-1.751625009	-1.766294793	1.766294793	-1.790064463	1.790064463	1.843845253	-1.843845253	1.934621058	-1.934621058	1.94566797	-1.94566797	-1.964235069	1.964235069	1.971834964	-1.971834964	2.041946027	-2.041946027	2.046946227	-2.046946227	2.083826521	-2.083826521	-2.092312529	2.092312529	2.166129385	-2.166129385	2.18834831	-2.18834831	2.205893946	-2.205893946	-2.367214956	2.367214956	2.37491283	-2.37491283	2.381801096	-2.381801096	2.399643187	-2.399643187	-2.47153715	2.47153715	2.491788906	-2.491788906	-2.513410322	2.513410322	
-0.66	-0.03205223396	0.03205223396	0.03364703027	-0.03364703027	0.08477687888	-0.08477687888	0.2027375228	-0.2027375228	-0.2211452678	0.2211452678	-0.2523173506	0.2523173506	-0.4400799814	0.4400799814	-0.4617225313	0.4617225313	0.496182547	-0.496182547	0.6302651761	-0.6302651761	0.6404468346	-0.6404468346	0.7013061646	-0.7013061646	-0.741561338	0.741561338	0.7553790332	-0.7553790332	-0.8393337625	0.8393337625	0.8566069504	-0.8566069504	0.969440615	-0.969440615	-0.9904424125	0.9904424125	-1.018245891	1.018245891	-1.143919039	1.143919039	1.188731434	-1.188731434	-1.215798308	1.215798308	1.22452019	-1.22452019	-1.246095484	1.246095484	1.269953339	-1.269953339	1.298690108	-1.298690108	1.425855201	-1.425855201	-1.448269234	1.448269234	1.489093493	-1.489093493	-1.572322703	1.572322703	-1.587750589	1.587750589	1.62890533	-1.62890533	-1.632838338	1.632838338	1.650781261	-1.650781261	-1.668053177	1.668053177	1.687450264	-1.687450264	1.721479017	-1.721479017	-1.738691111	1.738691111	1.750600976	-1.750600976	1.766216625	-1.766216625	1.789571618	-1.789571618	1.843515806	-1.843515806	1.931480784	-1.931480784	-1.946690853	1.946690853	-1.964774031	1.964774031	-1.972347465	1.972347465	2.041813959	-2.041813959	2.046823641	-2.046823641	2.08419089	-2.08419089	-2.092867722	2.092867722	-2.166436094	2.166436094	-2.188813981	2.188813981	-2.205944244	2.205944244	2.366995906	-2.366995906	2.374616526	-2.374616526	2.381943493	-2.381943493	-2.399761554	2.399761554	2.47229432	-2.47229432	-2.491548011	2.491548011	-2.513275971	2.513275971	
-0.65	-0.02470556589	0.02470556589	-0.04017239067	0.04017239067	0.07760105135	-0.07760105135	-0.2103513642	0.2103513642	0.2177654185	-0.2177654185	-0.2487370413	0.2487370413	0.4431048417	-0.4431048417	-0.4681506932	0.4681506932	-0.4997640287	0.4997640287	-0.6374772943	0.6374772943	0.6476519401	-0.6476519401	-0.7011359397	0.7011359397	-0.7416151817	0.7416151817	-0.7626696072	0.7626696072	0.8383826481	-0.8383826481	0.85292764	-0.85292764	-0.9660619118	0.9660619118	-0.9904835405	0.9904835405	-1.018199023	1.018199023	1.140755578	-1.140755578	1.191754572	-1.191754572	-1.216349234	1.216349234	-1.225617326	1.225617326	-1.244382148	1.244382148	-1.266094908	1.266094908	-1.298570588	1.298570588	-1.425969952	1.425969952	1.44798302	-1.44798302	1.489131176	-1.489131176	-1.568855774	1.568855774	1.586790864	-1.586790864	1.628436392	-1.628436392	-1.630268207	1.630268207	1.650874477	-1.650874477	1.666305424	-1.666305424	-1.688207139	1.688207139	-1.722420627	1.722420627	1.738737909	-1.738737909	-1.749647756	1.749647756	1.766136324	-1.766136324	1.789081473	-1.789081473	-1.843182779	1.843182779	-1.928277301	1.928277301	1.947716529	-1.947716529	-1.965322287	1.965322287	1.972868225	-1.972868225	-2.041678282	2.041678282	-2.046698033	2.046698033	-2.08457568	2.08457568	2.093390789	-2.093390789	-2.16674404	2.16674404	2.189296214	-2.189296214	-2.205995532	2.205995532	-2.366777022	2.366777022	-2.374316969	2.374316969	-2.382084247	2.382084247	2.399879536	-2.399879536	2.473058184	-2.473058184	2.491303817	-2.491303817	2.513146287	-2.513146287	
-0.64	-0.01733631942	0.01733631942	0.04659559547	-0.04659559547	0.0706200366	-0.0706200366	-0.2143832427	0.2143832427	-0.2179140722	0.2179140722	0.2451577539	-0.2451577539	-0.4461204583	0.4461204583	-0.4746660057	0.4746660057	0.5033445142	-0.5033445142	0.6446355537	-0.6446355537	0.6548049456	-0.6548049456	0.7009902975	-0.7009902975	-0.7416721666	0.7416721666	-0.7699795726	0.7699795726	0.8374149279	-0.8374149279	0.8491791399	-0.8491791399	0.9626808718	-0.9626808718	0.9905249237	-0.9905249237	-1.018151921	1.018151921	-1.137529661	1.137529661	-1.194768209	1.194768209	-1.216908944	1.216908944	-1.226709747	1.226709747	-1.242583715	1.242583715	1.26224859	-1.26224859	1.298447772	-1.298447772	1.426086989	-1.426086989	1.447685137	-1.447685137	1.489170028	-1.489170028	-1.565302488	1.565302488	1.585814129	-1.585814129	-1.627431946	1.627431946	1.628200513	-1.628200513	1.650970568	-1.650970568	1.66438421	-1.66438421	1.688971685	-1.688971685	1.723408982	-1.723408982	-1.738785667	1.738785667	-1.748764481	1.748764481	1.766053954	-1.766053954	-1.788595125	1.788595125	1.842846575	-1.842846575	1.925012774	-1.925012774	-1.948743698	1.948743698	-1.965879327	1.965879327	1.973396744	-1.973396744	2.041539035	-2.041539035	2.04656943	-2.04656943	2.084980271	-2.084980271	2.093882	-2.093882	-2.167052576	2.167052576	2.189794711	-2.189794711	2.206047763	-2.206047763	2.366558428	-2.366558428	2.374014433	-2.374014433	-2.382223305	2.382223305	2.399997007	-2.399997007	2.473827798	-2.473827798	-2.491056602	2.491056602	-2.513021368	2.513021368	
-0.63	0.00994969352	-0.00994969352	-0.0522073605	0.05220736051	0.06453582617	-0.06453582617	0.2109988306	-0.2109988306	0.2254225602	-0.2254225602	0.2415796132	-0.2415796132	-0.4491266163	0.4491266163	-0.4812587885	0.4812587885	0.5069239169	-0.5069239169	0.6517304354	-0.6517304354	0.6618903147	-0.6618903147	0.7008878008	-0.7008878008	-0.7417327915	0.7417327915	-0.7773033399	0.7773033399	0.8364315241	-0.8364315241	0.8453641707	-0.8453641707	0.9592975862	-0.9592975862	0.9905665079	-0.9905665079	1.018104651	-1.018104651	-1.134243573	1.134243573	-1.197772075	1.197772075	-1.217476897	1.217476897	-1.227792464	1.227792464	-1.240702042	1.240702042	-1.258421008	1.258421008	-1.298321692	1.298321692	1.426206211	-1.426206211	1.447375293	-1.447375293	1.489210048	-1.489210048	-1.561666539	1.561666539	1.584821252	-1.584821252	1.624865645	-1.624865645	1.627664183	-1.627664183	-1.651068609	1.651068609	1.662300663	-1.662300663	1.689742788	-1.689742788	-1.724433261	1.724433261	1.73883447	-1.73883447	1.747950036	-1.747950036	-1.765969586	1.765969586	1.788113599	-1.788113599	1.842507592	-1.842507592	-1.921689404	1.921689404	1.949771116	-1.949771116	-1.966444638	1.966444638	1.973932515	-1.973932515	-2.041396261	2.041396261	2.046437858	-2.046437858	-2.085404015	2.085404015	2.094341645	-2.094341645	2.167361102	-2.167361102	2.190309117	-2.190309117	2.206100891	-2.206100891	2.366340246	-2.366340246	-2.373709191	2.373709191	2.382360619	-2.382360619	2.400113852	-2.400113852	2.474602231	-2.474602231	2.49080665	-2.49080665	2.512901298	-2.512901298	
-0.62	-0.002550766973	0.002550766974	-0.05240890328	0.05240890329	-0.0639407173	0.0639407173	0.2076122742	-0.2076122742	0.2328734847	-0.2328734847	-0.2380030515	0.2380030515	0.4521230937	-0.4521230937	-0.4879200616	0.4879200616	0.5105021512	-0.5105021512	0.6587481654	-0.6587481654	-0.6688813318	0.6688813318	-0.7008622619	0.7008622619	-0.7417977467	0.7417977467	0.7846351356	-0.7846351356	-0.835433388	0.835433388	0.8414858255	-0.8414858255	-0.9559121478	0.9559121479	0.9906082404	-0.9906082404	-1.018057282	1.018057282	-1.130899634	1.130899634	-1.200765871	1.200765871	-1.218052539	1.218052539	-1.228857854	1.228857854	-1.238739096	1.238739096	1.254621593	-1.254621593	-1.29819238	1.29819238	1.426327516	-1.426327516	1.447053188	-1.447053188	1.489251238	-1.489251238	1.55795145	-1.55795145	1.583813114	-1.583813114	1.622166302	-1.622166302	-1.627233097	1.627233097	-1.651167956	1.651167956	-1.660064932	1.660064932	1.690519376	-1.690519376	1.725483709	-1.725483709	1.738884448	-1.738884448	-1.747203081	1.747203081	1.765883294	-1.765883294	1.787637848	-1.787637848	1.842166225	-1.842166225	-1.918309434	1.918309434	1.950797603	-1.950797603	-1.967017705	1.967017705	1.974475026	-1.974475026	-2.041250008	2.041250008	2.046303346	-2.046303346	2.085846245	-2.085846245	2.094770024	-2.094770024	-2.167669062	2.167669062	2.19083902	-2.19083902	2.206154869	-2.206154869	2.366122594	-2.366122594	2.373401511	-2.373401511	-2.382496144	2.382496144	2.400229959	-2.400229959	-2.47538057	2.47538057	-2.490554246	2.490554246	2.512786147	-2.512786147	
-0.61	0.004855227413	-0.004855227413	0.04654129747	-0.04654129747	0.06948813374	-0.06948813374	-0.2042236672	0.2042236672	0.234425926	-0.234425926	0.2402660925	-0.2402660925	-0.4551096609	0.4551096609	-0.4946414791	0.4946414791	-0.5140791327	0.5140791327	0.6656669263	-0.6656669263	0.6757256397	-0.6757256397	0.7009808654	-0.7009808654	-0.7418680153	0.7418680153	0.7919684842	-0.7919684842	0.834421502	-0.834421502	0.8375480674	-0.8375480674	0.9525246513	-0.9525246513	0.9906500695	-0.9906500695	-1.018009877	1.018009877	-1.127500201	1.127500201	1.203749256	-1.203749256	-1.218635288	1.218635288	-1.22989265	1.22989265	1.236696964	-1.236696964	1.250865605	-1.250865605	-1.298059873	1.298059873	1.426450795	-1.426450795	-1.446718515	1.446718515	1.489293598	-1.489293598	1.55416058	-1.55416058	1.582790615	-1.582790615	-1.619426117	1.619426117	1.626817944	-1.626817944	1.651268134	-1.651268134	1.657686171	-1.657686171	-1.691300418	1.691300418	1.726551634	-1.726551634	-1.738935788	1.738935788	-1.746522086	1.746522086	-1.765795164	1.765795164	1.78716875	-1.78716875	1.841822862	-1.841822862	1.914875149	-1.914875149	-1.951822036	1.951822036	-1.967598007	1.967598007	-1.975023762	1.975023762	-2.041100325	2.041100325	2.046165926	-2.046165926	2.086306272	-2.086306272	2.095167453	-2.095167453	2.167975949	-2.167975949	2.191383951	-2.191383951	2.206209646	-2.206209646	2.36590559	-2.36590559	2.373091657	-2.373091657	2.38262984	-2.38262984	2.400345228	-2.400345228	-2.476161917	2.476161917	2.49029968	-2.49029968	-2.512675971	2.512675971	
-0.6	0.01226187159	-0.01226187159	-0.03960103325	0.03960103326	-0.07617801007	0.07617801007	0.200833106	-0.200833106	-0.2308519195	0.2308519195	-0.2475937944	0.2475937944	-0.4580860801	0.4580860801	-0.5014152667	0.5014152667	-0.5176547803	0.5176547803	-0.6724469488	0.6724469488	-0.6823075878	0.6823075878	-0.7013915267	0.7013915267	-0.7419450503	0.7419450503	-0.799294705	0.799294705	-0.8333968835	0.8333968835	-0.8335572141	0.8335572141	0.9491351935	-0.9491351935	0.990691945	-0.990691945	-1.017962502	1.017962502	-1.124047668	1.124047668	1.206721826	-1.206721826	1.219224522	-1.219224522	-1.230869986	1.230869986	-1.234577868	1.234577868	1.24718212	-1.24718212	-1.297924206	1.297924206	-1.426575937	1.426575937	-1.446370958	1.446370958	1.489337126	-1.489337126	1.550297146	-1.550297146	1.581754671	-1.581754671	1.616655261	-1.616655261	1.626411672	-1.626411672	1.651368776	-1.651368776	1.655172591	-1.655172591	1.692084918	-1.692084918	1.727629328	-1.727629328	1.738988764	-1.738988764	1.745905355	-1.745905355	1.765705287	-1.765705287	-1.786707108	1.786707108	-1.841477885	1.841477885	-1.911388877	1.911388877	1.952843351	-1.952843351	1.968185025	-1.968185025	-1.975578204	1.975578204	2.040947264	-2.040947264	-2.046025629	2.046025629	-2.086783392	2.086783392	-2.095534263	2.095534263	2.168281301	-2.168281301	-2.191943391	2.191943391	2.206265173	-2.206265173	2.365689349	-2.365689349	2.372779892	-2.372779892	-2.382761671	2.382761671	-2.400459563	2.400459563	-2.476945394	2.476945394	-2.490043242	2.490043242	-2.512570813	2.512570813	
-0.59	0.01965367153	-0.01965367153	0.03245502577	-0.03245502577	-0.08314959743	0.08314959743	0.1974406895	-0.1974406895	0.2272790447	-0.2272790447	-0.254855641	0.254855641	0.4610521048	-0.4610521048	-0.5082341592	0.5082341592	-0.52122902	0.52122902	-0.6790001007	0.6790001007	-0.6883544244	0.6883544244	0.7024467668	-0.7024467668	-0.7420310938	0.7420310938	-0.8065969948	0.8065969948	0.8295278386	-0.8295278386	0.8323605894	-0.8323605894	0.9457438739	-0.9457438739	0.9907338183	-0.9907338183	-1.017915222	1.017915222	1.120544469	-1.120544469	1.209683055	-1.209683055	-1.219819518	1.219819518	-1.231724552	1.231724552	-1.232384215	1.232384215	1.243638927	-1.243638927	1.297785422	-1.297785422	1.426702823	-1.426702823	1.446010192	-1.446010192	1.48938182	-1.48938182	1.54636423	-1.54636423	1.580706212	-1.580706212	-1.613859133	1.613859133	1.626012237	-1.626012237	-1.651469588	1.651469588	1.652531538	-1.652531538	-1.692871915	1.692871915	1.728709939	-1.728709939	1.739043772	-1.739043772	1.745351052	-1.745351052	1.765613763	-1.765613763	1.786253653	-1.786253653	-1.841131673	1.841131673	-1.907852993	1.907852993	1.953860543	-1.953860543	-1.968778235	1.968778235	-1.976137826	1.976137826	-2.04079088	2.04079088	2.045882492	-2.045882492	2.087276882	-2.087276882	2.09587079	-2.09587079	2.168584705	-2.168584705	2.192516763	-2.192516763	-2.2063214	2.2063214	2.365473983	-2.365473983	2.372466475	-2.372466475	2.382891602	-2.382891602	-2.400572875	2.400572875	-2.47773014	2.47773014	-2.489785224	2.489785224	2.512470703	-2.512470703	
-0.58	0.02494438608	-0.02494438609	-0.02733288129	0.02733288129	-0.09025080005	0.09025080005	-0.1940465197	0.1940465197	0.2237076714	-0.2237076714	-0.2620482796	0.2620482796	-0.4640074791	0.4640074791	-0.5150913318	0.5150913318	-0.5248018007	0.5248018007	-0.6850808369	0.6850808369	-0.6933723078	0.6933723078	0.7048761044	-0.7048761044	-0.7421297999	0.7421297999	-0.8138102068	0.8138102068	0.8255229764	-0.8255229764	-0.831313723	0.831313723	0.942350795	-0.942350795	0.9907756422	-0.9907756422	-1.017868098	1.017868098	1.116993077	-1.116993077	1.212632175	-1.212632175	1.220419318	-1.220419318	-1.23011874	1.23011874	-1.232260887	1.232260887	-1.240434368	1.240434368	-1.297643564	1.297643564	-1.426831332	1.426831332	-1.445635885	1.445635885	-1.489427678	1.489427678	-1.542364795	1.542364795	1.579646187	-1.579646187	-1.611042297	1.611042297	-1.62561866	1.62561866	-1.649769601	1.649769601	1.651570332	-1.651570332	-1.693660476	1.693660476	-1.729787305	1.729787305	1.739101388	-1.739101388	1.744857228	-1.744857228	-1.765520703	1.765520703	-1.785809042	1.785809042	-1.840784594	1.840784594	1.904269918	-1.904269918	-1.954872663	1.954872663	-1.969377113	1.969377113	-1.976702098	1.976702098	-2.040631235	2.040631235	2.045736554	-2.045736554	-2.087786012	2.087786012	-2.096177385	2.096177385	2.168885792	-2.168885792	-2.193103445	2.193103445	-2.206378274	2.206378274	2.365259604	-2.365259604	-2.372151664	2.372151664	-2.383019601	2.383019601	2.400685083	-2.400685083	-2.478515314	2.478515315	-2.489525916	2.489525916	-2.51237566	2.51237566	
-0.57	0.01787776278	-0.01787776278	-0.0345311304	0.0345311304	0.09743314505	-0.09743314505	-0.1906507022	0.1906507022	0.2201379297	-0.2201379297	0.2691685384	-0.2691685384	-0.4669519371	0.4669519371	-0.5219802848	0.5219802848	0.528373159	-0.528373159	0.6899533191	-0.6899533191	-0.6975185279	0.6975185279	0.7092453683	-0.7092453683	0.742247556	-0.742247556	0.8195477284	-0.8195477284	0.822927235	-0.822927235	0.8302574437	-0.8302574437	-0.9389560626	0.9389560626	0.9908173707	-0.9908173707	-1.017821193	1.017821193	1.113396005	-1.113396005	-1.215567792	1.215567792	-1.221022186	1.221022186	-1.227785039	1.227785039	1.231871222	-1.231871222	1.238179873	-1.238179873	1.297498678	-1.297498678	1.426961337	-1.426961337	1.445247701	-1.445247701	1.489474695	-1.489474695	1.538301703	-1.538301703	-1.578575555	1.578575555	1.608209158	-1.608209158	1.625230341	-1.625230341	1.646892709	-1.646892709	1.651670804	-1.651670804	-1.694449701	1.694449701	-1.730855745	1.730855745	1.739162468	-1.739162468	1.744421846	-1.744421846	-1.765426227	1.765426227	-1.785373862	1.785373862	1.840437014	-1.840437014	-1.900642127	1.900642127	1.955878819	-1.955878819	-1.969981134	1.969981134	-1.977270487	1.977270487	2.04046839	-2.04046839	-2.045587856	2.045587856	-2.088310036	2.088310036	2.096454404	-2.096454404	-2.169184233	2.169184233	2.193702767	-2.193702767	-2.206435742	2.206435742	-2.365046322	2.365046322	-2.371835713	2.371835713	2.383145641	-2.383145641	2.400796109	-2.400796109	2.479300095	-2.479300095	-2.489265613	2.489265613	2.512285692	-2.512285692	
-0.56	0.01061332553	-0.01061332553	-0.0419047633	0.0419047633	-0.1046744043	0.1046744043	-0.1872533465	0.1872533465	-0.2165699299	0.2165699299	0.2762131966	-0.2762131966	-0.4698852021	0.4698852021	-0.528894299	0.528894299	-0.5319437174	0.5319437174	0.6926282829	-0.6926282829	-0.7023431683	0.7023431683	0.7149750076	-0.7149750076	-0.7423966156	0.7423966156	-0.816622752	0.816622752	0.8289255135	-0.8289255135	0.8291929799	-0.82919298	0.9355597862	-0.9355597862	0.9908589596	-0.9908589596	1.017774568	-1.017774568	1.109755813	-1.109755813	-1.218486317	1.218486317	1.221622446	-1.221622446	-1.22539073	1.22539073	-1.229850285	1.229850285	1.237586727	-1.237586727	-1.297350815	1.297350815	1.427092704	-1.427092704	1.444845294	-1.444845294	-1.489522865	1.489522865	-1.534177721	1.534177721	1.577495293	-1.577495293	1.605364143	-1.605364143	-1.624846859	1.624846859	-1.643906233	1.643906233	1.651770832	-1.651770832	1.695238717	-1.695238717	1.731909794	-1.731909794	1.739228316	-1.739228316	-1.744042801	1.744042801	-1.765330467	1.765330467	1.784948628	-1.784948628	1.840089289	-1.840089289	1.896972148	-1.896972148	1.956878171	-1.956878171	-1.97058977	1.97058977	1.977842452	-1.977842452	2.040302414	-2.040302414	2.045436445	-2.045436445	-2.088848202	2.088848202	2.096702211	-2.096702211	2.169479745	-2.169479745	-2.194314015	2.194314015	-2.206493751	2.206493751	2.364834247	-2.364834247	2.371518878	-2.371518878	-2.383269695	2.383269695	-2.400905884	2.400905884	2.480083682	-2.480083682	2.489004605	-2.489004605	-2.512200797	2.512200797	
-0.55	0.003339177647	-0.003339177648	0.04927139495	-0.04927139495	-0.1119615766	0.1119615766	0.1838545667	-0.1838545667	0.2130037809	-0.2130037809	0.2831789575	-0.2831789575	0.4728069863	-0.4728069863	-0.5354855421	0.5354855421	-0.5358555336	0.5358555336	0.6936505359	-0.6936505359	0.7080561285	-0.7080561285	0.7212769019	-0.7212769019	-0.7426037357	0.7426037357	0.8124511522	-0.8124511522	0.8281216494	-0.8281216494	0.8361001167	-0.8361001167	-0.9321620797	0.9321620797	-0.9909003662	0.9909003662	1.017728284	-1.017728284	-1.106075101	1.106075101	-1.221369791	1.221369791	-1.222135642	1.222135642	-1.223022294	1.223022294	-1.226839969	1.226839969	-1.238033586	1.238033586	1.297200029	-1.297200029	1.427225294	-1.427225294	-1.444428316	1.444428316	-1.489572181	1.489572181	1.529995543	-1.529995543	-1.576406387	1.576406387	-1.602511756	1.602511756	1.624467907	-1.624467907	-1.640815068	1.640815068	-1.651870266	1.651870266	1.696026678	-1.696026678	1.73294381	-1.73294381	-1.739300978	1.739300978	-1.743717942	1.743717942	1.765233566	-1.765233566	-1.784533787	1.784533787	1.83974177	-1.83974177	-1.893262566	1.893262566	-1.957869936	1.957869936	1.971202494	-1.971202494	-1.97841745	1.97841745	-2.040133377	2.040133377	2.045282368	-2.045282368	-2.089399752	2.089399752	2.096921178	-2.096921178	-2.169772078	2.169772078	2.194936437	-2.194936437	2.206552247	-2.206552247	-2.364623487	2.364623487	-2.37120141	2.37120141	2.383391738	-2.383391738	-2.401014339	2.401014339	-2.480865293	2.480865293	-2.488743183	2.488743183	2.512120962	-2.512120962	
-0.54	0.003932379576	-0.003932379576	-0.0566208034	0.0566208034	-0.1192856859	0.119285686	-0.1804544824	0.1804544824	0.2094395943	-0.2094395943	-0.2900624369	0.2900624369	-0.4757169893	0.4757169893	-0.5390717071	0.5390717071	-0.5427854216	0.5427854216	-0.693957805	0.693957805	-0.7140684095	0.7140684095	0.7277248718	-0.7277248718	-0.7429394932	0.7429394932	-0.8081564774	0.8081564774	-0.8270448884	0.8270448884	-0.8433257581	0.8433257581	-0.9287630616	0.9287630616	0.9909415492	-0.9909415492	-1.017682399	1.017682399	-1.102356519	1.102356519	-1.220321448	1.220321448	1.222922158	-1.222922158	1.223138708	-1.223138708	-1.224608386	1.224608386	-1.238834589	1.238834589	1.297046377	-1.297046377	-1.427358959	1.427358959	-1.443996414	1.443996414	1.489622635	-1.489622635	-1.525757796	1.525757796	1.575309839	-1.575309839	-1.599656598	1.599656598	-1.624093255	1.624093255	-1.637623711	1.637623711	1.651968974	-1.651968974	1.696812764	-1.696812764	1.73395134	-1.73395134	-1.739383795	1.739383795	1.743445088	-1.743445088	1.765135682	-1.765135682	-1.784129718	1.784129718	-1.839394798	1.839394798	1.889516029	-1.889516029	1.958853379	-1.958853379	-1.971818778	1.971818778	-1.97899493	1.97899493	2.039961357	-2.039961357	-2.045125681	2.045125681	2.089963923	-2.089963923	-2.09711168	2.09711168	2.17006102	-2.17006102	-2.195569245	2.195569245	2.206611173	-2.206611173	2.364414149	-2.364414149	-2.370883561	2.370883561	2.383511749	-2.383511749	2.401121416	-2.401121416	2.481644169	-2.481644169	-2.488481635	2.488481635	-2.512046167	2.512046167	
-0.53	0.01119589552	-0.01119589552	-0.06394790522	0.06394790522	-0.1266398135	0.1266398135	0.1770532197	-0.1770532197	0.2058774866	-0.2058774866	-0.2968601556	0.2968601556	0.4786148978	-0.4786148978	-0.5426360594	0.5426360594	-0.5497448651	0.5497448651	0.6939473594	-0.6939473594	0.7201126778	-0.7201126778	-0.7339363898	0.7339363898	-0.7436493317	0.7436493317	0.8037960639	-0.8037960639	-0.825964297	0.825964297	0.8505434426	-0.8505434426	-0.9253628556	0.9253628556	0.9909824687	-0.9909824687	1.017636972	-1.017636972	-1.098602763	1.098602763	-1.217748803	1.217748803	-1.219913201	1.219913201	-1.223523559	1.223523559	-1.227265891	1.227265891	1.239762161	-1.239762161	-1.296889921	1.296889921	1.427493544	-1.427493544	1.443549231	-1.443549231	1.489674215	-1.489674215	1.521467054	-1.521467054	1.57420666	-1.57420666	-1.59680337	1.59680337	1.623722731	-1.623722731	-1.634336331	1.634336331	1.652066838	-1.652066838	1.697596181	-1.697596181	1.734923975	-1.734923975	1.739482475	-1.739482475	-1.743222046	1.743222046	1.765036983	-1.765036983	-1.783736734	1.783736734	1.83904871	-1.83904871	1.885735251	-1.885735251	-1.959827816	1.959827816	-1.972438094	1.972438094	1.97957434	-1.97957434	2.039786433	-2.039786433	2.04496644	-2.04496644	-2.09053995	2.09053995	2.097274097	-2.097274097	2.170346389	-2.170346389	-2.196211622	2.196211622	2.206670474	-2.206670474	-2.364206339	2.364206339	-2.370565583	2.370565583	-2.383629705	2.383629705	-2.401227055	2.401227055	2.482419571	-2.482419571	-2.488220247	2.488220247	2.511976384	-2.511976384	
-0.52	0.01844778845	-0.01844778845	0.07124860413	-0.07124860413	-0.1340182295	0.1340182295	0.1736509139	-0.1736509139	-0.2023175799	0.2023175799	0.3035685331	-0.3035685331	0.4815003846	-0.4815003846	0.546197565	-0.546197565	-0.5567098508	0.5567098508	-0.6937698024	0.6937698024	-0.7260804296	0.7260804296	0.7388338916	-0.7388338916	-0.7457612156	0.7457612156	0.7993838522	-0.7993838522	0.8248817107	-0.8248817107	0.85773765	-0.85773765	-0.9219615912	0.9219615912	0.9910230866	-0.9910230866	1.017592062	-1.017592062	1.094816581	-1.094816581	-1.215104005	1.215104005	-1.216464427	1.216464427	1.224142445	-1.224142445	1.230117395	-1.230117395	-1.240743305	1.240743305	1.296730727	-1.296730727	1.427628882	-1.427628882	1.44308641	-1.44308641	1.48972691	-1.48972691	-1.517125852	1.517125852	1.573097872	-1.573097872	1.593956871	-1.593956871	1.623356213	-1.623356213	-1.630956823	1.630956823	1.652163754	-1.652163754	-1.698376161	1.698376161	1.735849173	-1.735849173	-1.739607216	1.739607216	1.743046621	-1.743046621	1.764937656	-1.764937656	1.783355079	-1.783355079	1.838703834	-1.838703834	1.881923017	-1.881923017	-1.960792611	1.960792611	-1.973059913	1.973059913	1.980155119	-1.980155119	2.039608691	-2.039608691	2.044804709	-2.044804709	-2.091127066	2.091127066	2.09740881	-2.09740881	2.170628033	-2.170628033	-2.196862722	2.196862722	2.206730093	-2.206730093	-2.364000164	2.364000164	-2.370247724	2.370247724	-2.383745589	2.383745589	-2.401331206	2.401331206	2.48319078	-2.48319078	2.487959303	-2.487959303	-2.511911576	2.511911576	
-0.51	0.02568527687	-0.02568527687	0.07851911957	-0.07851911957	-0.141415957	0.141415957	0.1702477162	-0.1702477162	-0.1987600031	0.1987600031	-0.3101838829	0.3101838829	-0.4843731074	0.4843731074	0.5497565828	-0.5497565828	-0.5636751383	0.5636751383	0.6934906339	-0.6934906339	-0.7318894474	0.7318894474	0.7410301394	-0.7410301394	0.7506711223	-0.7506711223	0.794926151	-0.794926151	0.8237993189	-0.8237993189	-0.8649005738	0.8649005738	0.9185594044	-0.9185594044	0.9910633659	-0.9910633659	1.017547727	-1.017547727	1.091000773	-1.091000773	-1.21240168	1.21240168	-1.213021787	1.213021787	1.224766504	-1.224766504	1.23296414	-1.23296414	-1.241750613	1.241750613	-1.296568867	1.296568867	1.427764796	-1.427764796	1.442607591	-1.442607591	-1.489780703	1.489780703	-1.512736699	1.512736699	-1.571984505	1.571984505	1.591121995	-1.591121995	1.622993619	-1.622993619	1.627488856	-1.627488856	1.652259628	-1.652259628	-1.69915196	1.69915196	1.736706168	-1.736706168	1.739776729	-1.739776729	-1.742916634	1.742916634	1.7648379	-1.7648379	-1.782984932	1.782984932	1.838360489	-1.838360489	-1.878082188	1.878082188	-1.961747172	1.961747172	-1.973683706	1.973683706	-1.980736705	1.980736705	2.039428224	-2.039428224	2.044640557	-2.044640557	-2.091724506	2.091724506	-2.097516206	2.097516206	2.170905823	-2.170905823	2.197521679	-2.197521679	2.206789973	-2.206789973	2.363795729	-2.363795729	-2.369930235	2.369930235	2.383859382	-2.383859382	-2.401433818	2.401433818	-2.4839571	2.4839571	2.487699082	-2.487699082	2.511851701	-2.511851701	
-0.5	0.0329059892	-0.0329059892	-0.08575580241	0.08575580241	-0.1488285082	0.1488285082	0.1668438227	-0.1668438227	-0.1952048931	0.1952048931	-0.3167024084	0.3167024084	0.4872327077	-0.4872327077	0.553313085	-0.553313085	-0.5706360013	0.5706360013	-0.6931422526	0.6931422526	-0.7373043677	0.7373043677	-0.7421121145	0.7421121145	0.7569863728	-0.7569863728	0.7904271092	-0.7904271092	0.8227198671	-0.8227198671	-0.8720266579	0.8720266579	0.9151564384	-0.9151564384	-0.9911032714	0.9911032714	-1.017504025	1.017504025	-1.087158192	1.087158192	-1.209612512	1.209612512	-1.209646756	1.209646756	-1.225393184	1.225393184	1.235792143	-1.235792143	1.242774233	-1.242774233	1.296404415	-1.296404415	-1.427901094	1.427901094	1.442112418	-1.442112418	1.489835578	-1.489835578	-1.508302087	1.508302087	-1.570867594	1.570867594	-1.588303728	1.588303728	1.622634903	-1.622634903	-1.623935916	1.623935916	1.652354374	-1.652354374	-1.699922856	1.699922856	-1.737460336	1.737460336	1.740023847	-1.740023847	1.742829926	-1.742829926	1.76473793	-1.76473793	-1.782626405	1.782626405	1.83801899	-1.83801899	1.874215713	-1.874215713	-1.962690955	1.962690955	-1.974308944	1.974308944	-1.981318531	1.981318531	2.039245127	-2.039245127	-2.044474056	2.044474056	2.092331506	-2.092331506	2.097596671	-2.097596671	-2.171179653	2.171179653	2.198187607	-2.198187607	-2.206850056	2.206850056	2.363593137	-2.363593137	2.369613364	-2.369613364	2.383971069	-2.383971069	2.401534847	-2.401534847	2.484717855	-2.484717855	-2.487439861	2.487439861	-2.51179671	2.51179671	
-0.49	0.04010777991	-0.04010777991	-0.09295506482	0.09295506482	-0.1562514595	0.1562514595	0.1634397603	-0.1634397603	-0.191652396	0.191652396	-0.3231201996	0.3231201996	-0.4900788099	0.4900788099	0.5568669669	-0.5568669669	-0.5775878756	0.5775878756	-0.6927423145	0.6927423145	-0.7407200244	0.7407200244	-0.7446978455	0.7446978455	0.7636667308	-0.7636667308	0.7858901342	-0.7858901342	0.8216470247	-0.8216470247	-0.8791111909	0.8791111909	0.9117528442	-0.9117528442	0.9911427691	-0.9911427691	1.017461012	-1.017461012	1.083291749	-1.083291749	1.206250213	-1.206250213	-1.206842835	1.206842835	1.226021319	-1.226021319	1.238589384	-1.238589384	-1.243816129	1.243816129	1.296237454	-1.296237454	1.428037564	-1.428037564	1.441600536	-1.441600536	-1.489891513	1.489891513	-1.503824512	1.503824512	1.56974818	-1.56974818	-1.585507143	1.585507143	-1.62030134	1.62030134	1.622280047	-1.622280047	1.652447915	-1.652447915	1.700688152	-1.700688152	-1.738065446	1.738065446	-1.740393222	1.740393222	1.74278437	-1.74278437	-1.764637977	1.764637977	1.782279536	-1.782279536	1.83767964	-1.83767964	1.870326627	-1.870326627	1.963623454	-1.963623454	-1.974935097	1.974935097	1.981900024	-1.981900024	-2.039059504	2.039059504	2.044305287	-2.044305287	-2.092947308	2.092947308	-2.09765059	2.09765059	-2.171449437	2.171449437	-2.198859606	2.198859606	2.206910283	-2.206910283	2.363392493	-2.363392493	2.369297359	-2.369297359	2.384080633	-2.384080633	-2.401634251	2.401634251	-2.485472389	2.485472389	-2.487181912	2.487181912	-2.511746548	2.511746548	
-0.48	-0.0472886288	0.0472886288	-0.100113346	0.100113346	-0.1600315951	0.1600315951	-0.1636851538	0.1636851538	0.188102668	-0.188102668	0.329433231	-0.329433231	-0.4929110198	0.4929110198	0.5604180953	-0.5604180953	-0.584526266	0.584526266	-0.6923011592	0.6923011592	-0.7415309242	0.7415309242	-0.7496255879	0.7496255879	0.7704576081	-0.7704576081	0.7813183937	-0.7813183937	0.8205860973	-0.8205860973	-0.8861498258	0.8861498258	0.9083487817	-0.9083487817	0.9911818264	-0.9911818264	-1.017418747	1.017418747	-1.079404412	1.079404412	1.202944281	-1.202944281	-1.203993203	1.203993203	1.226650111	-1.226650111	1.241327095	-1.241327095	-1.24489939	1.24489939	1.29606807	-1.29606807	1.428173972	-1.428173972	-1.441071597	1.441071597	1.489948486	-1.489948486	1.49930648	-1.49930648	1.5686273	-1.5686273	-1.582737393	1.582737393	1.616588346	-1.616588346	1.62192906	-1.62192906	1.65254018	-1.65254018	-1.701447175	1.701447175	1.738495375	-1.738495375	-1.740909586	1.740909586	-1.742777876	1.742777876	1.764538289	-1.764538289	-1.781944293	1.781944293	1.837342738	-1.837342738	-1.866418072	1.866418072	1.964544204	-1.964544204	1.975561637	-1.975561637	-1.982480609	1.982480609	-2.038871463	2.038871463	2.044134334	-2.044134334	2.093571156	-2.093571156	-2.097678352	2.097678352	2.171715104	-2.171715104	2.199536766	-2.199536766	2.206970595	-2.206970595	-2.363193901	2.363193901	2.368982471	-2.368982471	-2.384188062	2.384188062	-2.401731991	2.401731991	2.486220069	-2.486220069	-2.486925502	2.486925502	-2.511701156	2.511701156	
-0.47	-0.05444657947	0.05444657947	-0.1072270912	0.1072270912	0.1566276506	-0.1566276506	-0.1711179225	0.1711179225	0.1845558778	-0.1845558778	-0.33563736	0.33563736	-0.4957289232	0.4957289232	-0.5639663193	0.5639663193	-0.5914466808	0.5914466808	0.6918251776	-0.6918251776	-0.7418339037	0.7418339037	-0.7548591691	0.7548591691	0.7767150472	-0.7767150472	0.7772772002	-0.7772772002	0.8195455222	-0.8195455222	0.8931383803	-0.8931383803	-0.9049444207	0.9049444207	0.9912204122	-0.9912204122	1.017377287	-1.017377287	1.075499211	-1.075499211	1.199702301	-1.199702301	-1.201101062	1.201101062	-1.227278894	1.227278894	-1.243896841	1.243896841	1.246128728	-1.246128728	-1.295896356	1.295896356	1.428310052	-1.428310052	1.440525257	-1.440525257	1.49000647	-1.49000647	-1.494750534	1.494750534	1.56750599	-1.56750599	-1.579999711	1.579999711	-1.612800063	1.612800063	-1.621581973	1.621581973	1.652631106	-1.652631106	-1.702199271	1.702199271	1.73877744	-1.73877744	-1.741544392	1.741544392	1.742808398	-1.742808398	1.764439127	-1.764439127	-1.781620562	1.781620562	-1.837008572	1.837008572	-1.862493296	1.862493296	1.965452776	-1.965452776	-1.976188035	1.976188035	-1.98305971	1.98305971	-2.03868112	2.03868112	-2.043961291	2.043961291	-2.094202302	2.094202302	2.097680343	-2.097680343	2.171976594	-2.171976594	-2.200218171	2.200218171	2.207030932	-2.207030932	2.362997461	-2.362997461	-2.368668945	2.368668945	-2.384293343	2.384293343	-2.401828031	2.401828031	2.486670894	-2.486670894	2.486960281	-2.486960281	-2.511660471	2.511660471	
-0.46	0.06157969804	-0.06157969804	0.1142927374	-0.1142927374	-0.1532223035	0.1532223035	-0.1785522451	0.1785522451	0.1810122085	-0.1810122085	-0.3417283267	0.3417283267	-0.4985320846	0.4985320846	0.5675114734	-0.5675114734	-0.5983445637	0.5983445637	-0.6913184847	0.6913184847	-0.7420228015	0.7420228015	-0.7600235027	0.7600235027	0.7720833881	-0.7720833881	0.7840811388	-0.7840811388	0.8185403591	-0.8185403591	-0.9000727401	0.9000727401	0.901539943	-0.901539943	0.9912584964	-0.9912584964	1.017336692	-1.017336692	-1.071579235	1.071579235	1.19653098	-1.19653098	-1.198169596	1.198169596	1.227907058	-1.227907058	-1.245910661	1.245910661	1.247889408	-1.247889408	1.295722411	-1.295722411	1.428445494	-1.428445494	1.439961186	-1.439961186	1.490065433	-1.490065433	-1.490159268	1.490159268	1.566385271	-1.566385271	-1.577299399	1.577299399	1.608939554	-1.608939554	1.62123884	-1.62123884	1.652720632	-1.652720632	1.702943811	-1.702943811	1.738964457	-1.738964457	-1.742243735	1.742243735	1.742873939	-1.742873939	1.764340766	-1.764340766	1.781308144	-1.781308144	1.836677426	-1.836677426	1.858555676	-1.858555676	1.966348777	-1.966348777	-1.976813761	1.976813761	1.983636745	-1.983636745	2.038488598	-2.038488598	2.043786256	-2.043786256	-2.094840005	2.094840005	2.097656945	-2.097656945	2.172233861	-2.172233861	-2.200902899	2.200902899	-2.207091236	2.207091236	-2.362803278	2.362803278	-2.368357031	2.368357031	2.384396462	-2.384396462	-2.401922339	2.401922339	-2.486418345	2.486418345	-2.487692431	2.487692431	-2.511624426	2.511624426	
-0.45	0.06868604278	-0.06868604278	0.1213067008	-0.1213067008	0.1498168996	-0.1498168996	0.1774718602	-0.1774718602	-0.1859838017	0.1859838017	0.3477017542	-0.3477017542	-0.5013200449	0.5013200449	-0.5710533784	0.5710533784	-0.6052152075	0.6052152075	0.6907838146	-0.6907838146	-0.7421669389	0.7421669389	-0.765054616	0.765054616	0.7674269643	-0.7674269643	0.7908237382	-0.7908237382	0.8176016467	-0.8176016467	0.8981355358	-0.8981355358	0.906948815	-0.906948815	0.9912960504	-0.9912960504	-1.017297021	1.017297021	-1.067647639	1.067647639	1.193436587	-1.193436587	-1.195201996	1.195201996	1.22853402	-1.22853402	-1.247231231	1.247231231	1.250316633	-1.250316633	1.295546339	-1.295546339	1.428579928	-1.428579928	1.439379064	-1.439379064	-1.485535359	1.485535359	-1.490125341	1.490125341	1.565266145	-1.565266145	-1.57464183	1.57464183	1.605009842	-1.605009842	1.62089973	-1.62089973	1.652808705	-1.652808705	1.703680188	-1.703680188	-1.739096803	1.739096803	1.742966271	-1.742966271	1.742972552	-1.742972552	1.764243494	-1.764243494	1.781006745	-1.781006745	1.836349573	-1.836349573	1.854608725	-1.854608725	-1.967231847	1.967231847	-1.977438285	1.977438285	-1.984211132	1.984211132	2.038294026	-2.038294026	2.043609335	-2.043609335	2.095483532	-2.095483532	-2.097608542	2.097608542	-2.172486867	2.172486867	2.201590029	-2.201590029	2.207151444	-2.207151444	2.362611452	-2.362611452	-2.368046976	2.368046976	2.384497411	-2.384497411	-2.402014884	2.402014884	-2.486168106	2.486168106	2.488415946	-2.488415946	2.511592951	-2.511592951	
-0.44	0.07576363938	-0.07576363938	-0.1282653662	0.1282653662	-0.1464117356	0.1464117356	-0.1739350545	0.1739350545	0.1934094663	-0.1934094663	-0.3535531503	0.3535531503	0.5040923204	-0.5040923204	0.5745918407	-0.5745918407	-0.6120536408	0.6120536408	-0.6902230285	0.6902230285	-0.7422884479	0.7422884479	0.7627497105	-0.7627497105	-0.7699304734	0.7699304734	0.7974191175	-0.7974191175	0.8168066275	-0.8168066275	0.8947314111	-0.8947314111	-0.9137624892	0.9137624892	0.9913330468	-0.9913330468	1.017258336	-1.017258336	1.063707642	-1.063707642	1.190425164	-1.190425164	-1.192201463	1.192201463	-1.229159212	1.229159212	1.248301102	-1.248301102	-1.252966092	1.252966092	1.295368254	-1.295368254	-1.428712898	1.428712898	-1.438778586	1.438778586	-1.480881601	1.480881601	-1.490186154	1.490186154	-1.564149579	1.564149579	1.572032436	-1.572032436	1.601013939	-1.601013939	1.620564729	-1.620564729	1.652895275	-1.652895275	-1.704407813	1.704407813	1.739197518	-1.739197518	-1.743102343	1.743102343	1.743688104	-1.743688104	1.764147608	-1.764147608	-1.780715958	1.780715958	-1.836025279	1.836025279	1.85065612	-1.85065612	1.968101653	-1.968101653	-1.978061077	1.978061077	-1.984782288	1.984782288	-2.038097542	2.038097542	2.043430643	-2.043430643	-2.096132159	2.096132159	2.097535513	-2.097535513	-2.172735577	2.172735577	2.202278643	-2.202278643	-2.207211498	2.207211498	-2.362422083	2.362422083	2.367739026	-2.367739026	-2.384596179	2.384596179	-2.402105637	2.402105637	2.485920424	-2.485920424	-2.489130274	2.489130274	2.511565972	-2.511565972	
-0.43	0.0828104582	-0.08281045821	-0.1351650688	0.1351650688	-0.1430070665	0.1430070665	-0.1704020409	0.1704020409	-0.2008262874	0.2008262874	0.3592779105	-0.3592779105	0.5068484	-0.5068484	0.578126651	-0.578126651	-0.6188544665	0.6188544665	0.6896374189	-0.6896374189	-0.7423968926	0.7423968926	0.7580561193	-0.7580561193	0.7746392027	-0.7746392027	0.803614227	-0.803614227	0.8164025801	-0.8164025801	-0.8913277874	0.8913277874	0.9205096222	-0.9205096222	0.9913694591	-0.9913694591	1.017220699	-1.017220699	1.05976253	-1.05976253	1.187502651	-1.187502651	-1.189171206	1.189171206	-1.229782073	1.229782073	-1.249291655	1.249291655	1.255664862	-1.255664862	1.295188276	-1.295188276	1.428843815	-1.428843815	-1.438159468	1.438159468	1.476200963	-1.476200963	1.490247827	-1.490247827	1.56303648	-1.56303648	-1.569476706	1.569476706	1.596954877	-1.596954877	-1.620233937	1.620233937	1.652980297	-1.652980297	-1.70512612	1.70512612	1.739278965	-1.739278965	-1.743261477	1.743261477	1.744396111	-1.744396111	1.764053412	-1.764053412	-1.780435248	1.780435248	1.835704805	-1.835704805	1.846701718	-1.846701718	1.968957892	-1.968957892	-1.978681607	1.978681607	1.985349631	-1.985349631	-2.037899292	2.037899292	-2.043250301	2.043250301	2.096785171	-2.096785171	-2.097438234	2.097438234	-2.172979965	2.172979965	2.202967826	-2.202967826	-2.207271336	2.207271336	2.362235273	-2.362235273	2.367433431	-2.367433431	-2.384692755	2.384692755	-2.402194574	2.402194574	-2.485675539	2.485675539	2.489834881	-2.489834881	-2.511543414	2.511543414	
-0.42	0.08982439017	-0.08982439017	-0.1396029391	0.1396029391	0.1420023073	-0.1420023073	0.1668731066	-0.1668731066	-0.208231417	0.208231417	0.3648713223	-0.3648713223	-0.5095877433	0.5095877433	0.5816575827	-0.5816575827	-0.6256116236	0.6256116236	-0.6890278999	0.6890279	-0.7424971705	0.7424971705	0.7533514866	-0.7533514866	-0.7791723338	0.7791723338	0.8084483178	-0.8084483178	0.817346032	-0.817346032	-0.8879249022	0.8879249022	-0.9271860233	0.9271860233	0.991405262	-0.991405262	-1.017184176	1.017184176	1.055815655	-1.055815655	-1.184674951	1.184674951	1.186114437	-1.186114437	1.230402046	-1.230402046	1.250243191	-1.250243191	1.258371246	-1.258371246	1.295006531	-1.295006531	-1.428971885	1.428971885	1.437521447	-1.437521447	-1.471496671	1.471496671	-1.490310308	1.490310308	1.561927667	-1.561927667	-1.566980175	1.566980175	1.592835753	-1.592835753	1.619907467	-1.619907467	1.653063727	-1.653063727	-1.705834563	1.705834563	-1.739347945	1.739347945	-1.743448172	1.743448172	1.745082828	-1.745082828	1.763961209	-1.763961209	1.780163927	-1.780163927	-1.8353884	1.8353884	-1.842749595	1.842749595	1.969800284	-1.969800284	1.979299342	-1.979299342	-1.985912578	1.985912578	-2.03769943	2.03769943	-2.043068441	2.043068441	2.097317078	-2.097317078	-2.097441865	2.097441865	2.173220005	-2.173220005	-2.203656671	2.203656671	-2.207330898	2.207330898	2.362051119	-2.362051119	2.367130435	-2.367130435	-2.384787133	2.384787133	-2.40228167	2.40228167	-2.485433684	2.485433684	2.490529252	-2.490529252	-2.511525199	2.511525199	
-0.41	0.09680321599	-0.09680321599	0.1362000564	-0.1362000564	-0.1487728836	0.1487728836	0.163348595	-0.163348595	-0.2156220843	0.2156220843	0.3703285708	-0.3703285708	0.512309778	-0.512309778	-0.5851843903	0.5851843903	-0.6323180215	0.6323180215	0.6883951309	-0.6883951309	-0.7425920716	0.7425920716	0.7486422834	-0.7486422834	-0.7835227228	0.7835227228	0.8102674624	-0.8102674624	0.8212876476	-0.8212876476	-0.8845230117	0.8845230117	-0.9337874448	0.9337874448	0.9914404311	-0.9914404311	1.017148835	-1.017148835	-1.051870438	1.051870438	1.181947961	-1.181947961	-1.183034356	1.183034356	-1.231018574	1.231018574	1.25116795	-1.25116795	1.261071703	-1.261071703	1.294823156	-1.294823156	1.429095974	-1.429095974	1.436864288	-1.436864288	-1.466772353	1.466772353	1.490373541	-1.490373541	-1.560823804	1.560823804	1.564548419	-1.564548419	-1.5886598	1.5886598	1.619585442	-1.619585442	1.653145527	-1.653145527	1.706532617	-1.706532617	1.739408379	-1.739408379	1.743660704	-1.743660704	1.745743755	-1.745743755	1.763871295	-1.763871295	1.779901116	-1.779901116	1.83507631	-1.83507631	-1.838804081	1.838804081	1.970628572	-1.970628572	-1.979913751	1.979913751	1.986470546	-1.986470546	-2.037498119	2.037498119	2.0428852	-2.0428852	2.097172413	-2.097172413	-2.098101548	2.098101548	-2.173455673	2.173455673	-2.20434428	2.20434428	-2.207390122	2.207390122	2.361869722	-2.361869722	2.366830285	-2.366830285	2.384879304	-2.384879304	-2.402366904	2.402366904	-2.485195087	2.485195087	2.491212893	-2.491212893	2.511511251	-2.511511251	
-0.4	0.103744558	-0.103744558	0.1327983458	-0.1327983458	-0.1554733322	0.1554733322	-0.1598289427	0.1598289427	-0.2229955787	0.2229955787	0.375644746	-0.375644746	0.5150138972	-0.5150138972	-0.5887068072	0.5887068072	-0.6389649507	0.6389649507	0.6877396002	-0.6877396002	-0.7426833034	0.7426833034	0.7439367507	-0.7439367507	-0.787683684	0.787683684	0.8101530849	-0.8101530849	0.8271434753	-0.8271434753	0.8811223929	-0.8811223929	-0.9403095765	0.9403095765	0.9914749429	-0.9914749429	1.017114747	-1.017114747	-1.047930368	1.047930368	-1.179327589	1.179327589	-1.17993415	1.17993415	1.231631101	-1.231631101	1.252070518	-1.252070518	1.263760406	-1.263760406	1.294638294	-1.294638294	1.429214362	-1.429214362	1.436187788	-1.436187788	-1.4620323	1.4620323	-1.490437458	1.490437458	1.559725299	-1.559725299	-1.562187044	1.562187044	1.584430497	-1.584430497	1.619267997	-1.619267997	1.65322566	-1.65322566	1.707219774	-1.707219774	1.739462645	-1.739462645	-1.74389741	1.74389741	1.746376018	-1.746376018	1.763783956	-1.763783956	1.779645704	-1.779645704	1.834768769	-1.834768769	1.834869818	-1.834869818	-1.971442517	1.971442517	-1.9805243	1.9805243	-1.987022959	1.987022959	2.037295532	-2.037295532	-2.042700728	2.042700728	-2.097004603	2.097004603	2.098763537	-2.098763537	-2.173686946	2.173686946	2.205029766	-2.205029766	2.207448948	-2.207448948	-2.361691178	2.361691178	-2.366533227	2.366533227	2.384969261	-2.384969261	-2.402450254	2.402450254	2.484959969	-2.484959969	2.491885326	-2.491885326	-2.511501487	2.511501487	
