# phi/π evs ...
-1.04	0.01433187386	-0.01433187386	-0.0143880039	0.0143880039	-0.02977293375	0.02977293375	-0.029788487	0.029788487	-0.03364301665	0.03364301665	-0.03417194458	0.03417194458	-0.0357196081	0.0357196081	0.03592146298	-0.03592146298	0.03874409584	-0.03874409584	-0.03883177879	0.03883177879	-0.04682578969	0.04682578969	-0.046898454	0.046898454	-0.05132087158	0.05132087158	-0.05178065585	0.05178065585	-0.06283196954	0.06283196954	-0.06285304981	0.06285304981	-0.08496028489	0.08496028489	-0.08498286699	0.08498286699	0.689961222	-0.689961222	0.6920426481	-0.6920426481	0.7161805541	-0.7161805541	0.7183178242	-0.7183178242	-1.023373696	1.023373696	-1.023391886	1.023391886	-1.030323373	1.030323373	-1.030389722	1.030389722	-1.042566654	1.042566654	-1.043209105	1.043209105	1.085569165	-1.085569165	-1.085583568	1.085583568	-1.111573072	1.111573072	-1.111692231	1.111692231	-1.13896258	1.13896258	1.142835767	-1.142835767	1.145896789	-1.145896789	-1.148769385	1.148769385	-1.170267597	1.170267597	1.170963278	-1.170963278	1.173836534	-1.173836534	-1.174237554	1.174237554	1.204042998	-1.204042998	-1.204913828	1.204913828	-1.219682045	1.219682045	-1.220164376	1.220164376	1.225920403	-1.225920403	-1.225971774	1.225971774	-1.232534869	1.232534869	-1.232911742	1.232911742	1.23703626	-1.23703626	-1.237154466	1.237154466	-1.253427181	1.253427181	-1.253446646	1.253446646	1.264265753	-1.264265753	-1.265146299	1.265146299	-1.271721219	1.271721219	-1.27182364	1.27182364	1.306318413	-1.306318413	-1.306425917	1.306425917	1.318234041	-1.318234041	-1.318492188	1.318492188	-1.355215771	1.355215771	-1.355230894	1.355230894	-1.363183408	1.363183408	-1.363452796	1.363452796	-1.39148898	1.39148898	1.391825192	-1.391825192	-1.399253598	1.399253598	-1.399293449	1.399293449	1.417369399	-1.417369399	1.417406172	-1.417406172	-1.45408387	1.45408387	1.454379985	-1.454379985	-1.46202035	1.46202035	1.462261781	-1.462261781	-1.487248608	1.487248608	1.489708647	-1.489708647	-1.539455098	1.539455098	-1.541438954	1.541438954	-1.558602357	1.558602357	1.56026961	-1.56026961	-1.561168529	1.561168529	-1.561259058	1.561259058	-1.577444725	1.577444725	-1.577478717	1.577478717	-1.585155953	1.585155953	1.586083641	-1.586083641	-1.603383724	1.603383724	-1.604459745	1.604459745	-1.676897374	1.676897374	1.678058544	-1.678058544	-1.714118034	1.714118034	-1.714119919	1.714119919	-1.747176144	1.747176144	-1.747183606	1.747183606	-1.805002476	1.805002476	-1.808106635	1.808106635	1.81871985	-1.81871985	-1.820191462	1.820191462	1.832832366	-1.832832366	1.834139381	-1.834139381	1.843901713	-1.843901713	-1.843931044	1.843931044	1.876186267	-1.876186267	1.876505576	-1.876505576	-1.902865349	1.902865349	1.903423031	-1.903423031	-1.932629949	1.932629949	1.93271185	-1.93271185	-1.98251899	1.98251899	1.982577506	-1.982577506	-2.008357888	2.008357888	-2.008590592	2.008590592	-2.018992383	2.018992383	2.019485394	-2.019485394	-2.020376275	2.020376275	-2.020737848	2.020737848	-2.07455221	2.07455221	-2.074558528	2.074558528	-2.087602759	2.087602759	-2.087644563	2.087644563	
-1.03	-0.01075467214	0.01075467214	-0.01080016425	0.01080016425	-0.02327016042	0.02327016042	-0.02342083618	0.02342083618	-0.02583872343	0.02583872343	-0.02595355194	0.02595355194	-0.02770874919	0.02770874919	0.02770954695	-0.02770954695	0.03001325392	-0.03001325392	-0.03007371423	0.03007371423	0.03990769372	-0.03990769372	-0.0399760653	0.0399760653	0.04530955081	-0.04530955081	-0.04566189857	0.04566189857	0.05820093404	-0.05820093404	-0.05820897614	0.05820897614	0.08116040004	-0.08116040004	-0.08117733165	0.08117733165	-0.6931867859	0.6931867859	0.6952594425	-0.6952594425	0.7130028808	-0.7130028808	0.7151174308	-0.7151174308	1.023383364	-1.023383364	-1.023396923	1.023396923	1.030337607	-1.030337607	-1.030385921	1.030385921	-1.042961886	1.042961886	1.043445684	-1.043445684	-1.085594228	1.085594228	1.085605423	-1.085605423	-1.111592233	1.111592233	1.111681194	-1.111681194	1.139774307	-1.139774307	1.142733249	-1.142733249	1.146455013	-1.146455013	1.148652621	-1.148652621	-1.170348948	1.170348948	1.170874207	-1.170874207	-1.17392371	1.17392371	1.174222876	-1.174222876	1.204181186	-1.204181186	1.20485122	-1.20485122	-1.219783823	1.219783823	-1.220151066	1.220151066	1.22614986	-1.22614986	1.226187995	-1.226187995	-1.232789334	1.232789334	1.233072097	-1.233072097	1.237129732	-1.237129732	1.237223124	-1.237223124	1.254388158	-1.254388158	1.254494638	-1.254494638	-1.263544227	1.263544227	-1.264299331	1.264299331	1.271798401	-1.271798401	-1.271877309	1.271877309	1.306607241	-1.306607241	1.306689667	-1.306689667	1.318834255	-1.318834255	1.319035279	-1.319035279	-1.355207575	1.355207575	1.35521913	-1.35521913	1.362837009	-1.362837009	-1.363044043	1.363044043	1.391467359	-1.391467359	-1.391720361	1.391720361	-1.399281871	1.399281871	1.39931189	-1.39931189	1.417294785	-1.417294785	1.417322224	-1.417322224	1.454116834	-1.454116834	-1.454339078	1.454339078	1.462005267	-1.462005267	1.462187026	-1.462187026	-1.487487868	1.487487868	1.48933043	-1.48933043	-1.539871068	1.539871068	-1.541358516	1.541358516	1.558899586	-1.558899586	1.560153414	-1.560153414	1.561208248	-1.561208248	1.561270857	-1.561270857	1.577451687	-1.577451687	1.577477779	-1.577477779	1.585239331	-1.585239331	-1.585932244	1.585932244	-1.603532049	1.603532049	1.604348198	-1.604348198	-1.676901884	1.676901884	-1.67777839	1.67777839	-1.714118672	1.714118672	1.714120062	-1.714120062	-1.747169919	1.747169919	-1.747175576	1.747175576	-1.80593962	1.80593962	-1.808371682	1.808371682	-1.818992684	1.818992684	-1.820176326	1.820176326	1.83267202	-1.83267202	1.833673964	-1.833673964	1.843908143	-1.843908143	1.843929939	-1.843929939	-1.876177667	1.876177667	1.876415777	-1.876415777	-1.902857048	1.902857048	-1.903275889	1.903275889	-1.932610917	1.932610917	1.932671951	-1.932671951	1.982560137	-1.982560137	1.982604081	-1.982604081	-2.008673905	2.008673905	2.008841514	-2.008841514	2.019322623	-2.019322623	2.019771968	-2.019771968	-2.0205836	2.0205836	2.020766222	-2.020766222	2.074553922	-2.074553922	2.074558617	-2.074558617	2.087465019	-2.087465019	2.087486613	-2.087486613	
-1.02	-0.007179742445	0.007179742445	-0.007214292679	0.007214292679	0.01682800263	-0.01682800263	-0.01746558148	0.01746558148	-0.01751663557	0.01751663557	-0.0179679722	0.0179679722	0.02032688859	-0.02032688859	-0.02032901929	0.02032901929	0.02184216999	-0.02184216999	-0.02188155439	0.02188155439	-0.03412158625	0.03412158625	0.0341748528	-0.0341748528	-0.04049136425	0.04049136425	-0.04072969352	0.04072969352	-0.05465611432	0.05465611432	-0.05465739513	0.05465739513	-0.0783335208	0.0783335208	-0.07834480541	0.07834480541	-0.6963787217	0.6963787217	0.6984138485	-0.6984138485	0.7098784105	-0.7098784105	0.7119414712	-0.7119414712	1.023390844	-1.023390844	-1.023399844	1.023399844	-1.030349513	1.030349513	-1.030381065	1.030381065	1.043267941	-1.043267941	1.043591372	-1.043591372	-1.085612771	1.085612771	1.085620423	-1.085620423	-1.111610051	1.111610051	-1.111669171	1.111669171	-1.1405021	1.1405021	-1.142497014	1.142497014	-1.146978429	1.146978429	-1.14846053	1.14846053	-1.170432339	1.170432339	-1.170784189	1.170784189	1.174000251	-1.174000251	-1.174198891	1.174198891	-1.204313921	1.204313921	1.204768579	-1.204768579	-1.219875118	1.219875118	-1.220122441	1.220122441	-1.226315578	1.226315578	1.226340804	-1.226340804	1.232983644	-1.232983644	1.233171879	-1.233171879	1.237205235	-1.237205235	-1.237270018	1.237270018	1.255212639	-1.255212639	1.25535516	-1.25535516	-1.262946659	1.262946659	-1.263522771	1.263522771	1.271858296	-1.271858296	1.271911801	-1.271911801	1.30681858	-1.30681858	-1.306874346	1.306874346	-1.319281641	1.319281641	-1.319419271	1.319419271	-1.355202309	1.355202309	1.355210123	-1.355210123	1.362594182	-1.362594182	1.362734723	-1.362734723	1.391463889	-1.391463889	1.391632961	-1.391632961	-1.399303575	1.399303575	-1.39932365	1.39932365	-1.417242544	1.417242544	1.417260769	-1.417260769	1.454150986	-1.454150986	-1.454299223	1.454299223	1.462003221	-1.462003221	-1.462124723	1.462124723	1.487745625	-1.487745625	-1.488972825	1.488972825	-1.540239369	1.540239369	1.541230821	-1.541230821	1.559172744	-1.559172744	1.560010399	-1.560010399	-1.561238191	1.561238191	-1.561277225	1.561277225	1.577458092	-1.577458092	1.577475783	-1.577475783	1.585331019	-1.585331019	-1.585791606	1.585791606	-1.60367924	1.60367924	-1.604227716	1.604227716	-1.676947726	1.676947726	-1.677534763	1.677534763	1.714119189	-1.714119189	-1.714120105	1.714120105	-1.747165747	1.747165747	-1.747169547	1.747169547	1.806754371	-1.806754371	1.80842996	-1.80842996	1.819266506	-1.819266506	1.820097867	-1.820097867	-1.832596593	1.832596593	-1.833275379	1.833275379	-1.843913719	1.843913719	1.843928149	-1.843928149	1.8761837	-1.8761837	-1.876341767	1.876341767	-1.902871123	1.902871123	-1.903150624	1.903150624	1.93260016	-1.93260016	1.932640663	-1.932640663	-1.982591641	1.982591641	1.982620963	-1.982620963	-2.008905535	2.008905535	2.009013783	-2.009013783	-2.019576053	2.019576053	2.019920241	-2.019920241	2.020746235	-2.020746235	2.020818872	-2.020818872	-2.074555357	2.074555357	2.074558467	-2.074558467	2.087363436	-2.087363436	2.087372985	-2.087372985	
-1.01	-0.003613483461	0.003613483461	-0.003634154113	0.003634154113	0.008930457727	-0.008930457727	-0.009009521517	0.009009521517	-0.01229046222	0.01229046222	-0.01243021105	0.01243021105	0.01388637733	-0.01388637733	0.01397514944	-0.01397514944	-0.0155057187	0.0155057187	0.0155204064	-0.0155204064	-0.03012767902	0.03012767902	-0.03015687057	0.03015687057	0.03732463084	-0.03732463084	-0.03744480327	0.03744480327	-0.0524143598	0.0524143598	0.0524150213	-0.0524150213	0.07658813847	-0.07658813847	-0.07659377963	0.07659377963	-0.6994768375	0.6994768375	0.7013072233	-0.7013072233	-0.7070057899	0.7070057899	-0.7088501439	0.7088501439	-1.023396201	1.023396201	1.023400689	-1.023400689	-1.030359536	1.030359536	1.03037512	-1.03037512	-1.043484273	1.043484273	-1.043646251	1.043646251	1.085624725	-1.085624725	-1.085628608	1.085628608	-1.111626596	1.111626596	-1.111656101	1.111656101	-1.141142797	1.141142797	-1.142146339	1.142146339	-1.147448755	1.147448755	-1.148194301	1.148194301	1.170517845	-1.170517845	-1.170694275	1.170694275	1.174065951	-1.174065951	1.174165021	-1.174165021	1.204440654	-1.204440654	-1.204670354	1.204670354	1.21995529	-1.21995529	-1.220079676	1.220079676	1.226417509	-1.226417509	1.226430061	-1.226430061	-1.233118455	1.233118455	1.23321242	-1.23321242	1.23725916	-1.23725916	1.237292364	-1.237292364	-1.255818162	1.255818162	-1.255923415	1.255923415	1.262579177	-1.262579177	-1.262901547	1.262901547	-1.27190003	1.27190003	-1.271927035	1.271927035	1.306951483	-1.306951483	-1.306979603	1.306979603	1.319567963	-1.319567963	-1.319637881	1.319637881	-1.355199961	1.355199961	1.355203903	-1.355203903	1.362460605	-1.362460605	-1.362531662	1.362531662	-1.391478725	1.391478725	-1.391563383	1.391563383	-1.399318644	1.399318644	-1.3993287	1.3993287	1.417212914	-1.417212914	-1.417222007	1.417222007	1.454186318	-1.454186318	-1.454260458	1.454260458	1.462014207	-1.462014207	-1.462075056	1.462075056	1.488022531	-1.488022531	-1.488635774	1.488635774	1.540559626	-1.540559626	-1.5410553	1.5410553	1.559421075	-1.559421075	-1.559840461	1.559840461	-1.561259184	1.561259184	-1.561277852	1.561277852	-1.577463814	1.577463814	-1.577472749	1.577472749	-1.58543161	1.58543161	-1.585661496	1.585661496	-1.603823802	1.603823802	-1.604099356	1.604099356	-1.677034564	1.677034564	-1.677328895	1.677328895	-1.714119589	1.714119589	-1.714120043	1.714120043	-1.747163629	1.747163629	-1.747165537	1.747165537	-1.807429124	1.807429124	-1.808284188	1.808284188	-1.819529126	1.819529126	1.819958392	-1.819958392	-1.832616575	1.832616575	1.832959313	-1.832959313	1.843918475	-1.843918475	-1.843925659	1.843925659	1.876203394	-1.876203394	-1.876282221	1.876282221	-1.902907569	1.902907569	1.903047401	-1.903047401	-1.932597711	1.932597711	-1.932617907	1.932617907	-1.982613485	1.982613485	-1.982628154	1.982628154	-2.009054086	2.009054086	2.009107122	-2.009107122	-2.019763205	2.019763205	-2.019948415	2.019948415	-2.02085073	2.02085073	-2.020872541	2.020872541	-2.074556522	2.074556522	-2.074558071	2.074558071	-2.087301164	2.087301164	-2.087304442	2.087304442	
-1	-0.0004576849589	0.0004576849591	-0.000457685309	0.000457685309	0.002313898996	-0.002313898996	-0.002313900281	0.002313900281	-0.009796797981	0.009796797981	-0.009796803164	0.009796803165	0.01091477593	-0.01091477593	0.01091477841	-0.01091477841	-0.0130401169	0.0130401169	-0.01304011837	0.01304011837	-0.02868311358	0.02868311358	-0.0286831142	0.0286831142	-0.03624627498	0.03624627498	-0.03624627749	0.03624627749	-0.05164607727	0.05164607727	-0.05164607729	0.05164607729	-0.07599926682	0.07599926682	-0.07599926694	0.07599926694	0.7020439474	-0.7020439474	0.7020440152	-0.7020440153	-0.7062805719	0.7062805719	0.70628064	-0.70628064	1.023399475	-1.023399475	-1.023399475	1.023399475	1.030367995	-1.030367995	-1.030367995	1.030367995	-1.043610475	1.043610475	-1.043610478	1.043610478	-1.085630024	1.085630024	-1.085630024	1.085630024	1.111641927	-1.111641927	1.111641928	-1.111641928	1.141692534	-1.141692534	-1.141692555	1.141692555	1.147855927	-1.147855927	-1.147855943	1.147855943	-1.170605288	1.170605288	-1.170605292	1.170605292	-1.174120814	1.174120814	-1.174120816	1.174120816	1.204560124	-1.204560124	-1.204560129	1.204560129	1.2200237	-1.2200237	-1.220023703	1.220023703	-1.226455655	1.226455655	1.226455655	-1.226455655	-1.233194558	1.233194558	-1.23319456	1.23319456	1.237288719	-1.237288719	-1.23728872	1.23728872	-1.256086166	1.256086166	1.256086168	-1.256086168	1.262555706	-1.262555706	1.262555713	-1.262555713	1.271923053	-1.271923053	1.271923053	-1.271923053	1.307005281	-1.307005281	-1.307005282	1.307005282	-1.319687595	1.319687595	-1.319687596	1.319687596	1.355200504	-1.355200504	1.355200504	-1.355200504	-1.362439569	1.362439569	-1.36243957	1.36243957	-1.391511911	1.391511911	-1.391511913	1.391511913	-1.399327028	1.399327028	1.399327028	-1.399327028	-1.417206047	1.417206047	-1.417206047	1.417206047	1.454222814	-1.454222814	1.454222816	-1.454222816	-1.462038178	1.462038178	1.462038179	-1.462038179	-1.488319103	1.488319103	-1.488319115	1.488319115	-1.540831611	1.540831611	-1.540831621	1.540831621	1.559643854	-1.559643854	1.559643862	-1.559643862	1.561272109	-1.561272109	-1.561272109	1.561272109	-1.577468733	1.577468733	1.577468733	-1.577468733	-1.585541618	1.585541618	-1.585541623	1.585541623	1.603964291	-1.603964291	1.603964297	-1.603964297	1.677161859	-1.677161859	-1.677161865	1.677161865	1.714119872	-1.714119872	-1.714119872	1.714119872	-1.747163561	1.747163561	-1.747163561	1.747163561	-1.807945201	1.807945201	1.807945219	-1.807945219	1.819764858	-1.819764858	-1.819764867	1.819764867	1.832737573	-1.832737573	1.83273758	-1.83273758	-1.843922444	1.843922444	-1.843922444	1.843922444	-1.876236243	1.876236243	1.876236245	-1.876236245	1.902966349	-1.902966349	1.902966352	-1.902966352	-1.932603609	1.932603609	-1.93260361	1.93260361	-1.982625659	1.982625659	-1.982625659	1.982625659	2.009120879	-2.009120879	2.00912088	-2.00912088	-2.019889093	2.019889093	2.019889097	-2.019889097	2.020890875	-2.020890875	2.020890875	-2.020890875	-2.074557425	2.074557425	2.074557425	-2.074557425	-2.087280856	2.087280856	2.087280856	-2.087280856	
-0.99	-0.003613631295	0.003613631295	-0.003634302668	0.003634302668	-0.00893080118	0.00893080118	-0.009009870778	0.009009870778	-0.01229064455	0.01229064455	-0.01243038936	0.01243038936	-0.01388660521	0.01388660521	-0.01397537701	0.01397537701	-0.0155059158	0.0155059158	-0.0155206008	0.0155206008	-0.03012779694	0.03012779694	0.03015698964	-0.03015698964	0.03732472166	-0.03732472166	0.03744489906	-0.03744489906	-0.05241442331	0.05241442331	0.0524150848	-0.0524150848	-0.0765881874	0.0765881874	0.07659382879	-0.07659382879	-0.699476713	0.699476713	-0.7013071194	0.7013071194	0.7070058931	-0.7070058931	-0.7088502683	0.7088502683	-1.023396201	1.023396201	1.023400689	-1.023400689	-1.030359535	1.030359535	-1.030375121	1.030375121	-1.043484266	1.043484266	-1.043646251	1.043646251	-1.085624724	1.085624724	1.085628608	-1.085628608	1.111626595	-1.111626595	1.111656101	-1.111656101	-1.141142772	1.141142772	-1.142146356	1.142146356	1.147448737	-1.147448737	-1.148194313	1.148194313	-1.170517842	1.170517842	1.170694279	-1.170694279	1.174065948	-1.174065948	-1.174165023	1.174165023	1.204440648	-1.204440648	-1.204670359	1.204670359	-1.219955287	1.219955287	1.220079678	-1.220079678	1.226417506	-1.226417506	-1.226430059	1.226430059	1.233118451	-1.233118451	-1.23321242	1.23321242	-1.237259158	1.237259158	-1.237292364	1.237292364	-1.255818143	1.255818143	-1.255923399	1.255923399	1.262579186	-1.262579186	1.262901568	-1.262901568	-1.271900028	1.271900028	-1.271927034	1.271927034	1.306951479	-1.306951479	1.3069796	-1.3069796	1.319567955	-1.319567955	1.319637875	-1.319637875	-1.355199961	1.355199961	1.355203903	-1.355203903	-1.362460608	1.362460608	-1.362531668	1.362531668	-1.391478724	1.391478724	-1.391563385	1.391563385	1.399318643	-1.399318643	-1.3993287	1.3993287	1.417212915	-1.417212915	1.417222008	-1.417222008	1.454186316	-1.454186316	-1.45426046	1.45426046	1.462014206	-1.462014206	1.462075058	-1.462075058	-1.488022519	1.488022519	-1.488635788	1.488635788	-1.540559614	1.540559614	-1.541055308	1.541055308	-1.559421066	1.559421066	1.559840469	-1.559840469	1.561259183	-1.561259183	1.561277852	-1.561277852	-1.577463814	1.577463814	1.57747275	-1.57747275	1.585431605	-1.585431605	-1.585661501	1.585661501	-1.603823796	1.603823796	-1.604099361	1.604099361	-1.67703456	1.67703456	-1.677328902	1.677328902	1.714119589	-1.714119589	-1.714120043	1.714120043	-1.747163629	1.747163629	1.747165537	-1.747165537	-1.807429099	1.807429099	1.808284199	-1.808284199	-1.819529116	1.819529116	1.819958399	-1.819958399	1.832616572	-1.832616572	-1.832959325	1.832959325	1.843918474	-1.843918474	-1.843925659	1.843925659	1.876203393	-1.876203393	1.876282223	-1.876282223	-1.902907567	1.902907567	-1.903047404	1.903047404	-1.932597711	1.932597711	1.932617907	-1.932617907	-1.982613484	1.982613484	1.982628154	-1.982628154	-2.009054082	2.009054082	2.00910712	-2.00910712	-2.019763198	2.019763198	2.019948416	-2.019948416	2.020850727	-2.020850727	2.020872539	-2.020872539	2.074556522	-2.074556522	-2.074558071	2.074558071	2.087301165	-2.087301165	2.087304444	-2.087304444	
-0.98	-0.007179891103	0.007179891103	-0.007214441822	0.007214441822	-0.01682828983	0.01682828983	-0.01746584181	0.01746584181	-0.01751696324	0.01751696324	-0.01796827426	0.01796827426	-0.02032717537	0.02032717537	-0.0203293109	0.0203293109	-0.02184248632	0.02184248632	-0.02188187159	0.02188187159	-0.03412179505	0.03412179505	-0.03417506244	0.03417506244	-0.04049153375	0.04049153375	-0.04072986786	0.04072986786	0.05465623611	-0.05465623611	-0.0546575171	0.0546575171	-0.07833361658	0.07833361658	0.07834490143	-0.07834490143	0.6963785901	-0.6963785901	0.6984137198	-0.6984137198	-0.7098785381	0.7098785381	0.7119416023	-0.7119416023	-1.023390844	1.023390844	1.023399844	-1.023399844	1.030349513	-1.030349513	1.030381065	-1.030381065	1.04326793	-1.04326793	1.043591368	-1.043591368	-1.08561277	1.08561277	1.085620423	-1.085620423	1.11161005	-1.11161005	1.111669171	-1.111669171	1.140502072	-1.140502072	-1.142497026	1.142497026	1.146978408	-1.146978408	1.14846054	-1.14846054	1.170432336	-1.170432336	1.170784193	-1.170784193	-1.174000248	1.174000248	1.174198892	-1.174198892	-1.204313915	1.204313915	1.204768582	-1.204768582	-1.219875114	1.219875114	1.220122443	-1.220122443	-1.226315573	1.226315573	1.226340799	-1.226340799	-1.232983637	1.232983637	-1.233171876	1.233171876	-1.237205232	1.237205232	-1.237270017	1.237270017	1.255212608	-1.255212608	-1.255355129	1.255355129	-1.262946679	1.262946679	-1.263522801	1.263522801	1.271858294	-1.271858294	-1.2719118	1.2719118	-1.306818573	1.306818573	-1.30687434	1.30687434	-1.319281626	1.319281626	-1.319419258	1.319419258	-1.355202309	1.355202309	-1.355210123	1.355210123	1.36259419	-1.36259419	-1.362734734	1.362734734	1.391463889	-1.391463889	-1.391632965	1.391632965	-1.399303574	1.399303574	-1.39932365	1.39932365	-1.417242546	1.417242546	-1.417260771	1.417260771	1.454150984	-1.454150984	-1.454299225	1.454299225	-1.462003221	1.462003221	-1.462124725	1.462124725	-1.487745614	1.487745614	-1.48897284	1.48897284	-1.540239355	1.540239355	-1.541230827	1.541230827	1.559172733	-1.559172733	1.560010405	-1.560010405	1.56123819	-1.56123819	-1.561277225	1.561277225	-1.577458092	1.577458092	1.577475783	-1.577475783	1.585331015	-1.585331015	1.585791612	-1.585791612	1.603679234	-1.603679234	1.604227721	-1.604227721	-1.676947723	1.676947723	1.677534772	-1.677534772	1.714119189	-1.714119189	-1.714120105	1.714120105	-1.747165747	1.747165747	-1.747169547	1.747169547	1.80675434	-1.80675434	1.808429961	-1.808429961	-1.819266494	1.819266494	1.820097872	-1.820097872	1.832596594	-1.832596594	1.833275394	-1.833275394	-1.843913719	1.843913719	-1.843928149	1.843928149	-1.8761837	1.8761837	-1.87634177	1.87634177	-1.902871122	1.902871122	-1.903150629	1.903150629	1.93260016	-1.93260016	-1.932640665	1.932640665	-1.982591639	1.982591639	1.982620962	-1.982620962	-2.008905527	2.008905527	-2.009013777	2.009013777	-2.019576043	2.019576043	-2.019920237	2.019920237	2.020746229	-2.020746229	2.02081887	-2.02081887	-2.074555357	2.074555357	2.074558467	-2.074558467	2.087363439	-2.087363439	2.087372988	-2.087372988	
-0.97	-0.01075482095	0.01075482095	0.0108003135	-0.0108003135	-0.02327042725	0.02327042725	0.02342109403	-0.02342109403	0.02583905327	-0.02583905327	-0.02595389936	0.02595389936	0.02770907065	-0.02770907065	0.02770987443	-0.02770987443	-0.03001360954	0.03001360954	-0.03007407088	0.03007407088	-0.03990796179	0.03990796179	-0.03997633378	0.03997633378	0.04530977901	-0.04530977901	-0.04566213141	0.04566213141	-0.05820110569	0.05820110569	0.0582091482	-0.0582091482	-0.08116053874	0.08116053874	-0.08117747059	0.08117747059	0.6931866522	-0.6931866522	-0.6952593095	0.6952593095	0.7130030123	-0.7130030123	-0.7151175636	0.7151175636	1.023383363	-1.023383363	-1.023396923	1.023396923	1.030337607	-1.030337607	1.030385921	-1.030385921	-1.042961872	1.042961872	-1.043445676	1.043445676	-1.085594227	1.085594227	-1.085605422	1.085605422	1.111592232	-1.111592232	1.111681194	-1.111681194	-1.139774275	1.139774275	-1.142733256	1.142733256	-1.14645499	1.14645499	1.148652628	-1.148652628	-1.170348944	1.170348944	1.170874211	-1.170874211	-1.173923707	1.173923707	1.174222877	-1.174222877	-1.20418118	1.20418118	-1.204851223	1.204851223	-1.219783819	1.219783819	1.220151066	-1.220151066	1.226149852	-1.226149852	1.226187987	-1.226187987	-1.232789325	1.232789325	-1.233072091	1.233072091	-1.237129729	1.237129729	1.237223122	-1.237223122	1.25438812	-1.25438812	-1.254494597	1.254494597	-1.263544255	1.263544255	1.264299365	-1.264299365	-1.271798398	1.271798398	-1.271877307	1.271877307	-1.306607231	1.306607231	-1.306689657	1.306689657	-1.318834233	1.318834233	-1.31903526	1.31903526	-1.355207575	1.355207575	1.35521913	-1.35521913	-1.362837021	1.362837021	1.363044058	-1.363044058	1.39146736	-1.39146736	-1.391720365	1.391720365	1.39928187	-1.39928187	-1.399311889	1.399311889	1.417294788	-1.417294788	-1.417322227	1.417322227	1.454116832	-1.454116832	1.454339079	-1.454339079	1.462005267	-1.462005267	1.462187029	-1.462187029	-1.487487857	1.487487857	-1.489330445	1.489330445	-1.539871052	1.539871052	-1.541358521	1.541358521	1.558899574	-1.558899574	-1.560153419	1.560153419	1.561208247	-1.561208247	-1.561270857	1.561270857	1.577451687	-1.577451687	1.577477779	-1.577477779	-1.585239328	1.585239328	-1.58593225	1.58593225	1.603532043	-1.603532043	-1.604348203	1.604348203	-1.676901882	1.676901882	-1.6777784	1.6777784	1.714118672	-1.714118672	-1.714120062	1.714120062	1.747169919	-1.747169919	1.747175577	-1.747175577	-1.805939584	1.805939584	-1.808371675	1.808371675	-1.818992673	1.818992673	-1.820176328	1.820176328	1.832672025	-1.832672025	-1.833673982	1.833673982	-1.843908142	1.843908142	1.843929939	-1.843929939	-1.876177667	1.876177667	1.876415781	-1.876415781	-1.902857048	1.902857048	-1.903275894	1.903275894	1.932610917	-1.932610917	-1.932671952	1.932671952	-1.982560136	1.982560136	1.98260408	-1.98260408	2.008673894	-2.008673894	2.008841505	-2.008841505	2.019322611	-2.019322611	-2.019771959	2.019771959	-2.020583592	2.020583592	-2.02076622	2.02076622	2.074553922	-2.074553922	2.074558617	-2.074558617	-2.087465024	2.087465024	-2.087486619	2.087486619	
-0.96	0.01433202272	-0.01433202272	0.01438815321	-0.01438815321	-0.02977320322	0.02977320322	-0.02978876211	0.02978876211	-0.03364333824	0.03364333824	-0.03417228156	0.03417228156	0.03571995137	-0.03571995137	0.03592181466	-0.03592181466	-0.03874446483	0.03874446483	-0.03883214897	0.03883214897	-0.04682609436	0.04682609436	0.04689875862	-0.04689875862	-0.05132114113	0.05132114113	-0.05178092969	0.05178092969	-0.06283218175	0.06283218175	-0.0628532627	0.0628532627	-0.08496046153	0.08496046153	-0.08498304388	0.08498304388	0.6899610874	-0.6899610874	-0.6920425136	0.6920425136	0.7161806868	-0.7161806868	-0.7183179576	0.7183179576	-1.023373696	1.023373696	-1.023391886	1.023391886	-1.030323373	1.030323373	1.030389723	-1.030389723	-1.042566635	1.042566635	-1.043209093	1.043209093	1.085569163	-1.085569163	1.085583567	-1.085583567	1.111573071	-1.111573071	1.111692232	-1.111692232	1.138962544	-1.138962544	-1.142835768	1.142835768	-1.145896765	1.145896765	-1.148769388	1.148769388	-1.170267594	1.170267594	-1.170963281	1.170963281	1.173836531	-1.173836531	-1.174237554	1.174237554	-1.204042992	1.204042992	1.20491383	-1.20491383	-1.219682041	1.219682041	-1.220164376	1.220164376	-1.225920393	1.225920393	1.225971764	-1.225971764	-1.232534857	1.232534857	-1.232911734	1.232911734	-1.237036256	1.237036256	-1.237154463	1.237154463	1.253427138	-1.253427138	1.253446599	-1.253446599	-1.264265785	1.264265785	-1.265146335	1.265146335	1.271721216	-1.271721216	-1.271823638	1.271823638	-1.306318399	1.306318399	1.306425904	-1.306425904	-1.318234013	1.318234013	-1.318492162	1.318492162	1.355215772	-1.355215772	-1.355230895	1.355230895	-1.363183424	1.363183424	1.363452815	-1.363452815	-1.391488981	1.391488981	-1.391825197	1.391825197	1.399253597	-1.399253597	-1.399293448	1.399293448	1.417369403	-1.417369403	-1.417406176	1.417406176	-1.454083868	1.454083868	1.454379987	-1.454379987	1.462020351	-1.462020351	1.462261784	-1.462261784	-1.487248598	1.487248598	1.489708663	-1.489708663	-1.53945508	1.53945508	-1.541438956	1.541438956	1.558602344	-1.558602344	-1.560269614	1.560269614	-1.561168527	1.561168527	-1.561259058	1.561259058	-1.577444725	1.577444725	-1.577478717	1.577478717	1.58515595	-1.58515595	1.586083647	-1.586083647	-1.603383718	1.603383718	1.604459749	-1.604459749	-1.676897374	1.676897374	-1.678058557	1.678058557	-1.714118034	1.714118034	-1.714119919	1.714119919	1.747176144	-1.747176144	-1.747183607	1.747183607	-1.805002435	1.805002435	-1.808106619	1.808106619	1.818719839	-1.818719839	-1.820191462	1.820191462	1.832832374	-1.832832374	-1.834139402	1.834139402	-1.843901712	1.843901712	-1.843931044	1.843931044	1.876186268	-1.876186268	1.87650558	-1.87650558	-1.90286535	1.90286535	-1.903423038	1.903423038	-1.93262995	1.93262995	-1.932711852	1.932711852	1.982518988	-1.982518988	-1.982577505	1.982577505	-2.008357873	2.008357873	-2.00859058	2.00859058	-2.018992368	2.018992368	-2.019485379	2.019485379	-2.020376266	2.020376266	2.020737847	-2.020737847	2.07455221	-2.07455221	-2.074558528	2.074558528	-2.087602766	2.087602766	-2.087644571	2.087644571	
-0.95	0.01791018226	-0.01791018226	-0.01797716629	0.01797716629	-0.0363314673	0.0363314673	-0.03646774962	0.03646774962	-0.0413687139	0.0413687139	0.04220977685	-0.04220977685	0.04410288323	-0.04410288323	0.04447770615	-0.04447770615	-0.0476941318	0.0476941318	-0.04781025799	0.04781025799	-0.05444110948	0.05444110948	-0.05450755292	0.05450755292	0.05816678204	-0.05816678204	-0.05872423665	0.05872423665	-0.0683329596	0.0683329596	0.06837373102	-0.06837373102	-0.08960893375	0.08960893375	-0.08963716819	0.08963716819	-0.6867181907	0.6867181907	0.6887997365	-0.6887997365	0.7193751511	-0.7193751511	-0.7215264802	0.7215264802	-1.023361754	1.023361754	-1.02338467	1.02338467	-1.030306194	1.030306194	-1.030392444	1.030392444	-1.042082953	1.042082953	-1.04288161	1.04288161	-1.085537651	1.085537651	-1.085554827	1.085554827	-1.111552479	1.111552479	1.11170235	-1.11170235	-1.138069618	1.138069618	-1.142771664	1.142771664	-1.145335932	1.145335932	-1.148810145	1.148810145	1.170187946	-1.170187946	-1.171050083	1.171050083	-1.173739196	1.173739196	-1.174243617	1.174243617	-1.203899213	1.203899213	-1.204951028	1.204951028	-1.219570452	1.219570452	-1.220160852	1.220160852	1.225627311	-1.225627311	1.225692296	-1.225692296	-1.232220285	1.232220285	-1.232689389	1.232689389	-1.236928739	1.236928739	-1.237067782	1.237067782	-1.252277084	1.252277084	-1.252376978	1.252376978	-1.265043324	1.265043324	-1.266012661	1.266012661	-1.271628172	1.271628172	1.27175101	-1.27175101	-1.305953273	1.305953273	1.306083546	-1.306083546	-1.317491375	1.317491375	-1.317798572	1.317798572	1.355226896	-1.355226896	1.35524539	-1.35524539	-1.363625832	1.363625832	-1.363952639	1.363952639	-1.391528492	1.391528492	-1.391946974	1.391946974	1.399218842	-1.399218842	-1.399268378	1.399268378	-1.417466069	1.417466069	-1.417512336	1.417512336	1.454052093	-1.454052093	-1.454421905	1.454421905	-1.462048441	1.462048441	1.462348772	-1.462348772	-1.487027062	1.487027062	-1.49010744	1.49010744	-1.538991965	1.538991965	-1.541472938	1.541472938	-1.558281802	1.558281802	-1.560359572	1.560359572	-1.561118297	1.561118297	-1.561241669	1.561241669	1.57743734	-1.57743734	-1.577478605	1.577478605	-1.585080214	1.585080214	-1.586245972	1.586245972	-1.6032358	1.6032358	-1.604561426	1.604561426	1.676934331	-1.676934331	-1.678373868	1.678373868	1.714117274	-1.714117274	-1.714119682	1.714119682	-1.747184418	1.747184418	-1.747193614	1.747193614	-1.803958863	1.803958863	-1.807641588	1.807641588	-1.818453901	1.818453901	-1.820144413	1.820144413	-1.833063699	1.833063699	1.834653893	-1.834653893	1.843894396	-1.843894396	-1.843931463	1.843931463	1.876210924	-1.876210924	-1.876612878	1.876612878	-1.902896003	1.902896003	1.903591863	-1.903591863	1.932657237	-1.932657237	-1.932760458	1.932760458	1.982468211	-1.982468211	1.98254124	-1.98254124	-2.007956296	2.007956296	-2.008260889	2.008260889	2.018574224	-2.018574224	-2.019069497	2.019069497	-2.020139879	2.020139879	-2.020730852	2.020730852	-2.07455021	2.07455021	-2.074558205	2.074558205	-2.087773283	2.087773283	2.087845293	-2.087845293	
-0.94	0.02148878667	-0.02148878667	-0.02156686999	0.02156686999	-0.04300476632	0.04300476632	-0.0432432537	0.0432432537	-0.0491283514	0.0491283514	0.05020854728	-0.05020854728	-0.05261319858	0.05261319858	-0.05313387633	0.05313387633	-0.05675067267	0.05675067267	0.05689411071	-0.05689411071	-0.06248692199	0.06248692199	-0.0625388621	0.0625388621	-0.06560097304	0.06560097304	0.06624181754	-0.06624181754	-0.07451628326	0.07451628326	-0.07458243186	0.07458243186	-0.09498056597	0.09498056597	0.09501445028	-0.09501445028	0.6834641671	-0.6834641671	-0.6855423339	0.6855423339	0.7225750418	-0.7225750418	-0.7247369153	0.7247369153	1.023347418	-1.023347418	1.023375179	-1.023375179	-1.03028521	1.03028521	1.030393994	-1.030393994	-1.041511834	1.041511834	1.04246331	-1.04246331	1.085499762	-1.085499762	1.085519178	-1.085519178	1.111530341	-1.111530341	1.111711619	-1.111711619	1.137097958	-1.137097958	-1.142495024	1.142495024	-1.144818032	1.144818032	-1.148774569	1.148774569	1.170109376	-1.170109376	-1.171132937	1.171132937	1.173632554	-1.173632554	-1.174241875	1.174241875	-1.203749025	1.203749025	-1.204956455	1.204956455	-1.21944978	1.21944978	-1.220138495	1.220138495	-1.225270818	1.225270818	1.225349768	-1.225349768	-1.231846939	1.231846939	-1.232404146	1.232404146	1.236810924	-1.236810924	-1.236967262	1.236967262	-1.251023521	1.251023521	-1.2512639	1.2512639	-1.265836682	1.265836682	-1.26686654	1.26686654	-1.271521715	1.271521715	1.271659817	-1.271659817	-1.305513234	1.305513234	1.30566302	-1.30566302	1.316618493	-1.316618493	-1.316964937	1.316964937	1.355240928	-1.355240928	1.355262587	-1.355262587	-1.364155392	1.364155392	1.364534216	-1.364534216	-1.391585533	1.391585533	-1.392085127	1.392085127	-1.399177708	1.399177708	1.399236748	-1.399236748	-1.417584386	1.417584386	-1.417640341	1.417640341	1.454021502	-1.454021502	1.454464788	-1.454464788	1.462089471	-1.462089471	-1.462447745	1.462447745	-1.486822354	1.486822354	-1.490526614	1.490526614	-1.538482377	1.538482377	-1.54146153	1.54146153	-1.557938689	1.557938689	-1.560424435	1.560424435	-1.56105694	1.56105694	1.561217964	-1.561217964	-1.577429665	1.577429665	-1.577477487	1.577477487	-1.58501139	1.58501139	1.586419337	-1.586419337	-1.603089855	1.603089855	-1.604652435	1.604652435	1.677012677	-1.677012677	-1.678722831	1.678722831	1.714116393	-1.714116393	-1.714119357	1.714119357	-1.747194733	1.747194733	1.747205569	-1.747205569	-1.802823038	1.802823038	1.806991893	-1.806991893	-1.818194082	1.818194082	1.820038342	-1.820038342	-1.833350054	1.833350054	-1.835199254	1.835199254	-1.84388616	1.84388616	-1.843931172	1.843931172	-1.876253473	1.876253473	-1.876739726	1.876739726	1.90294895	-1.90294895	-1.903782136	1.903782136	-1.932692765	1.932692765	-1.932817872	1.932817872	-1.982407825	1.982407825	-1.982495289	1.982495289	-2.007468258	2.007468258	2.007851961	-2.007851961	2.018061481	-2.018061481	2.018542014	-2.018542014	2.01988711	-2.01988711	-2.020734391	2.020734391	-2.074547913	2.074547913	2.074557654	-2.074557654	-2.087973228	2.087973228	-2.088086607	2.088086607	
-0.93	-0.02506757497	0.02506757497	-0.02515695333	0.02515695333	-0.04974757192	0.04974757192	-0.05007819388	0.05007819388	-0.05693027304	0.05693027304	0.05821652525	-0.05821652525	-0.0611534714	0.0611534714	-0.061823258	0.061823258	-0.06586565377	0.06586565377	-0.06603417585	0.06603417585	-0.07079832002	0.07079832002	0.07083105925	-0.07083105925	-0.0734650578	0.0734650578	-0.0741689169	0.0741689169	-0.08123292549	0.08123292549	-0.08132767259	0.08132767259	0.1009589978	-0.1009589978	0.1009985242	-0.1009985242	0.6802019092	-0.6802019092	-0.6822749905	0.6822749905	-0.7257756639	0.7257756639	0.7279463573	-0.7279463573	1.023330532	-1.023330532	-1.023363278	1.023363278	-1.030259189	1.030259189	-1.030394199	1.030394199	-1.040854695	1.040854695	1.041954394	-1.041954394	-1.085455564	1.085455564	1.085476602	-1.085476602	1.111506497	-1.111506497	-1.111720118	1.111720118	-1.136049831	1.136049831	1.14197521	-1.14197521	-1.144373651	1.144373651	-1.148662569	1.148662569	1.170030968	-1.170030968	1.17120967	-1.17120967	1.17351798	-1.17351798	1.174233245	-1.174233245	1.203590929	-1.203590929	-1.204922725	1.204922725	1.219320806	-1.219320806	-1.220094651	1.220094651	-1.224851262	1.224851262	1.224944368	-1.224944368	1.231417886	-1.231417886	1.232056257	-1.232056257	-1.236685974	1.236685974	-1.236856961	1.236856961	-1.249707436	1.249707436	1.250102756	-1.250102756	-1.266620763	1.266620763	1.2676846	-1.2676846	-1.271406411	1.271406411	-1.271550709	1.271550709	1.304999744	-1.304999744	1.305164527	-1.305164527	1.315629022	-1.315629022	-1.316003118	1.316003118	-1.355257832	1.355257832	1.35528245	-1.35528245	1.364762554	-1.364762554	1.365187851	-1.365187851	-1.39165965	1.39165965	-1.392239005	1.392239005	-1.399130318	1.399130318	1.399198647	-1.399198647	1.417723873	-1.417723873	-1.417789748	1.417789748	1.453992084	-1.453992084	1.454508582	-1.454508582	-1.462143336	1.462143336	-1.462558426	1.462558426	-1.486633455	1.486633455	-1.490965912	1.490965912	-1.537927121	1.537927121	-1.541406064	1.541406064	-1.557573703	1.557573703	1.560465848	-1.560465848	1.560983972	-1.560983972	-1.561186675	1.561186675	1.577421831	-1.577421831	1.577475439	-1.577475439	-1.584948694	1.584948694	-1.586603805	1.586603805	1.60294746	-1.60294746	-1.604732119	1.604732119	-1.677132129	1.677132129	-1.679103828	1.679103828	-1.714115391	1.714115391	-1.71411895	1.71411895	1.747207077	-1.747207077	-1.74721944	1.74721944	-1.801607389	1.801607389	-1.806178374	1.806178374	-1.817934739	1.817934739	-1.819877257	1.819877257	-1.833674731	1.833674731	1.835758018	-1.835758018	1.843876974	-1.843876974	-1.843930109	1.843930109	-1.876316121	1.876316121	1.876888445	-1.876888445	1.903024105	-1.903024105	-1.90399359	1.90399359	1.93273653	-1.93273653	-1.932884212	1.932884212	1.982337848	-1.982337848	-1.982439658	1.982439658	-2.006893219	2.006893219	-2.007363032	2.007363032	-2.01745411	2.01745411	-2.017917585	2.017917585	-2.019625166	2.019625166	-2.020741135	2.020741135	2.074545304	-2.074545304	2.074556883	-2.074556883	-2.088199512	2.088199512	-2.08836589	2.08836589	
-0.92	0.02864639205	-0.02864639205	-0.02874721123	0.02874721123	-0.05653501867	0.05653501867	-0.05695156862	0.05695156862	-0.0647650656	0.0647650656	-0.06623895305	0.06623895305	-0.06969334845	0.06969334845	-0.07052462327	0.07052462327	-0.07501436762	0.07501436762	-0.07520470685	0.07520470685	-0.07926946591	0.07926946591	0.07928131419	-0.07928131419	-0.08165745383	0.08165745383	-0.08239752672	0.08239752672	-0.08836920802	0.08836920802	-0.08849178567	0.08849178567	-0.1074418874	0.1074418874	-0.1074870411	0.1074870411	-0.6769329641	0.6769329641	-0.6790000081	0.6790000081	0.7289747032	-0.7289747032	-0.7311532437	0.7311532437	1.02331089	-1.02331089	-1.023348779	1.023348779	-1.030226333	1.030226333	-1.030392771	1.030392771	1.040113581	-1.040113581	-1.041355229	1.041355229	-1.085405121	1.085405121	1.085427084	-1.085427084	1.111480728	-1.111480728	-1.111727928	1.111727928	1.134927369	-1.134927369	-1.141232983	1.141232983	1.143982302	-1.143982302	-1.148474227	1.148474227	-1.169951514	1.169951514	1.171277387	-1.171277387	1.173397608	-1.173397608	-1.174218745	1.174218745	1.20342273	-1.20342273	-1.204841415	1.204841415	-1.219184351	1.219184351	-1.220025775	1.220025775	-1.224369205	1.224369205	1.224476259	-1.224476259	1.230938215	-1.230938215	-1.231647754	1.231647754	-1.236556219	1.236556219	1.236740311	-1.236740311	-1.248341872	1.248341872	-1.248902187	1.248902187	-1.267377883	1.267377883	1.26844383	-1.26844383	-1.271291764	1.271291764	1.271424795	-1.271424795	-1.304414169	1.304414169	-1.304587709	1.304587709	-1.314538044	1.314538044	1.314926122	-1.314926122	1.355277561	-1.355277561	-1.355304938	1.355304938	1.365437599	-1.365437599	1.365903922	-1.365903922	1.391750309	-1.391750309	-1.392407896	1.392407896	1.399076808	-1.399076808	1.399154182	-1.399154182	1.417883981	-1.417883981	-1.417960041	1.417960041	1.453963818	-1.453963818	-1.45455323	1.45455323	1.462209894	-1.462209894	-1.46268051	1.46268051	-1.486459229	1.486459229	-1.491424957	1.491424957	-1.537327145	1.537327145	1.541308151	-1.541308151	-1.557187487	1.557187487	1.560485735	-1.560485735	-1.560899054	1.560899054	-1.561146207	1.561146207	1.57741396	-1.57741396	1.577472567	-1.577472567	-1.584891304	1.584891304	1.586799389	-1.586799389	-1.602810187	1.602810187	-1.604799969	1.604799969	1.677292196	-1.677292196	-1.679515141	1.679515141	1.714114267	-1.714114267	-1.71411847	1.71411847	-1.747221435	1.747221435	-1.747235185	1.747235185	1.80032276	-1.80032276	1.805223845	-1.805223845	1.817668038	-1.817668038	1.819665243	-1.819665243	-1.834021206	1.834021206	1.836314143	-1.836314143	-1.843866809	1.843866809	1.843928161	-1.843928161	1.87640138	-1.87640138	-1.877061554	1.877061554	-1.90312135	1.90312135	-1.904225919	1.904225919	-1.932788538	1.932788538	-1.932959603	1.932959603	1.982258302	-1.982258302	1.982374358	-1.982374358	-2.006231092	2.006231092	-2.00679316	2.00679316	-2.016757483	2.016757483	-2.017207379	2.017207379	-2.01935675	2.01935675	2.020747435	-2.020747435	-2.074542369	2.074542369	2.074555901	-2.074555901	-2.088449459	2.088449459	-2.088680253	2.088680253	
-0.91	-0.03222513424	0.03222513424	-0.03233750178	0.03233750178	-0.06335248099	0.06335248099	-0.0638508316	0.0638508316	-0.07262361539	0.07262361539	-0.07427271713	0.07427271713	-0.0782228082	0.0782228082	-0.07922972914	0.07922972914	-0.08418252476	0.08418252476	-0.08438993769	0.08438993769	-0.08782242931	0.08782242931	-0.08783497293	0.08783497293	-0.09010796368	0.09010796368	-0.09085452989	0.09085452989	0.09584062475	-0.09584062475	-0.09598491365	0.09598491365	-0.1143422792	0.1143422792	-0.1143930375	0.1143930375	0.6736582483	-0.6736582483	0.6757186664	-0.6757186664	0.7321708657	-0.7321708657	0.7343566406	-0.7343566406	-1.023288218	1.023288218	-1.023331417	1.023331417	-1.030183926	1.030183926	-1.03038926	1.03038926	-1.039291541	1.039291541	1.04066642	-1.04066642	-1.085348493	1.085348493	-1.085370615	1.085370615	1.111452725	-1.111452725	-1.111735135	1.111735135	-1.133732624	1.133732624	-1.140318859	1.140318859	1.14359406	-1.14359406	-1.148209742	1.148209742	-1.169869533	1.169869533	-1.171332154	1.171332154	1.173274656	-1.173274656	1.174199482	-1.174199482	-1.203241511	1.203241511	-1.204703105	1.204703105	-1.219041221	1.219041221	-1.219927124	1.219927124	-1.223825548	1.223825548	-1.223945544	1.223945544	1.230415114	-1.230415114	1.231182918	-1.231182918	-1.236423059	1.236423059	1.236619761	-1.236619761	-1.246935349	1.246935349	1.247667367	-1.247667367	1.268093329	-1.268093329	1.269110971	-1.269110971	-1.27120006	1.27120006	-1.2712841	1.2712841	-1.303757503	1.303757503	1.303931185	-1.303931185	1.31336229	-1.31336229	1.313748072	-1.313748072	-1.355300056	1.355300056	1.355329998	-1.355329998	-1.366171043	1.366171043	-1.366673221	1.366673221	1.391856906	-1.391856906	1.392591034	-1.392591034	-1.399017333	1.399017333	-1.399103478	1.399103478	-1.418064092	1.418064092	-1.418150632	1.418150632	-1.45393668	1.45393668	-1.454598668	1.454598668	1.46228897	-1.46228897	-1.462813671	1.462813671	-1.486298418	1.486298418	-1.491903266	1.491903266	-1.536683532	1.536683532	-1.541169685	1.541169685	-1.55678061	1.55678061	1.560485868	-1.560485868	1.560801998	-1.560801998	-1.561095041	1.561095041	-1.577406166	1.577406166	-1.577469002	1.577469002	-1.58483838	1.58483838	-1.587006057	1.587006057	1.602679588	-1.602679588	-1.604855622	1.604855622	-1.677492184	1.677492184	-1.67995496	1.67995496	-1.714113024	1.714113024	1.714117924	-1.714117924	1.747237788	-1.747237788	-1.747252757	1.747252757	-1.7989786	1.7989786	1.804150308	-1.804150308	-1.81738617	1.81738617	1.819406052	-1.819406052	1.8343738	-1.8343738	-1.836853333	1.836853333	-1.843855634	1.843855634	1.843925145	-1.843925145	1.876511981	-1.876511981	-1.877261675	1.877261675	-1.903240535	1.903240535	-1.904478781	1.904478781	1.9328488	-1.9328488	1.933044188	-1.933044188	1.982169209	-1.982169209	1.982299402	-1.982299402	-2.005482304	2.005482304	-2.006141367	2.006141367	-2.015979787	2.015979787	2.016420535	-2.016420535	2.019082336	-2.019082336	2.020751629	-2.020751629	-2.074539093	2.074539093	2.074554716	-2.074554716	-2.088720869	2.088720869	-2.089026708	2.089026708	
-0.9	-0.03580372523	0.03580372523	0.035927721	-0.035927721	-0.07019081506	0.07019081506	-0.07076806848	0.07076806848	-0.08049907873	0.08049907873	-0.08231411491	0.08231411491	-0.08673868474	0.08673868474	0.08793486575	-0.08793486575	0.09336074843	-0.09336074843	-0.09357814869	0.09357814869	0.09641105753	-0.09641105753	-0.09646188058	0.09646188058	-0.09875951227	0.09875951227	-0.09948700394	0.09948700394	-0.1035850025	0.1035850025	-0.1037385718	0.1037385718	-0.1215878501	0.1215878501	0.1216441818	-0.1216441818	0.6703783511	-0.6703783511	0.6724317468	-0.6724317468	-0.7353633535	0.7353633535	-0.7375559387	0.7375559387	1.023262152	-1.023262152	-1.023310814	1.023310814	-1.030127712	1.030127712	1.030382956	-1.030382956	-1.03839329	1.03839329	-1.039888935	1.039888935	1.085285729	-1.085285729	1.085307183	-1.085307183	-1.111422049	1.111422049	1.111741825	-1.111741825	1.132467621	-1.132467621	-1.139273999	1.139273999	1.14316864	-1.14316864	-1.147869398	1.147869398	-1.169783305	1.169783305	-1.171368615	1.171368615	-1.173153808	1.173153808	1.174176632	-1.174176632	-1.203043592	1.203043592	-1.204497497	1.204497497	-1.218892122	1.218892122	-1.21979232	1.21979232	1.223221772	-1.223221772	-1.223352205	1.223352205	-1.229857787	1.229857787	-1.230668563	1.230668563	-1.236286923	1.236286923	1.236496548	-1.236496548	1.245494056	-1.245494056	-1.246401561	1.246401561	-1.268751942	1.268751942	1.269621785	-1.269621785	1.271132864	-1.271132864	-1.271185565	1.271185565	-1.303029919	1.303029919	1.303191899	-1.303191899	-1.312120671	1.312120671	1.312484469	-1.312484469	1.35532525	-1.35532525	-1.355357571	1.355357571	-1.36695393	1.36695393	-1.367487175	1.367487175	-1.391978773	1.391978773	-1.392787612	1.392787612	1.398952059	-1.398952059	-1.399046677	1.399046677	-1.418263528	1.418263528	1.418360873	-1.418360873	1.453910635	-1.453910635	-1.454644829	1.454644829	-1.462380354	1.462380354	-1.462957558	1.462957558	-1.486149652	1.486149652	-1.492400254	1.492400254	-1.535997506	1.535997506	1.540992837	-1.540992837	-1.556353564	1.556353564	1.560467318	-1.560467318	1.560692771	-1.560692771	-1.561032276	1.561032276	-1.577398554	1.577398554	1.577464891	-1.577464891	-1.584789085	1.584789085	-1.587223733	1.587223733	-1.602557175	1.602557175	-1.604898867	1.604898867	1.677731205	-1.677731205	-1.680421403	1.680421403	-1.714111663	1.714111663	1.71411732	-1.71411732	1.747256113	-1.747256113	-1.747272103	1.747272103	-1.797583165	1.797583165	-1.802977401	1.802977401	-1.817082582	1.817082582	-1.819102943	1.819102943	-1.834718101	1.834718101	-1.837363118	1.837363118	-1.843843422	1.843843422	-1.843920782	1.843920782	-1.876650779	1.876650779	-1.877491438	1.877491438	1.903381477	-1.903381477	-1.904751795	1.904751795	-1.932917339	1.932917339	1.933138116	-1.933138116	-1.982070592	1.982070592	1.982214806	-1.982214806	2.004647832	-2.004647832	-2.00540681	2.00540681	-2.015130057	2.015130057	-2.015565032	2.015565032	2.018801788	-2.018801788	2.020752956	-2.020752956	-2.074535459	2.074535459	-2.074553338	2.074553338	2.089012017	-2.089012017	2.089402286	-2.089402286	
-0.89	-0.03938210424	0.03938210424	-0.03951778816	0.03951778816	-0.07704400673	0.07704400673	-0.07769804062	0.07769804062	-0.08838650332	0.08838650332	0.09036019691	-0.09036019691	-0.09524048133	0.09524048133	0.09663814729	-0.09663814729	-0.1025416944	0.1025416944	-0.1027582379	0.1027582379	0.10502115	-0.10502115	-0.1051411393	0.1051411393	-0.1075616039	0.1075616039	-0.1082536707	0.1082536707	-0.1115564811	0.1115564811	0.1117002866	-0.1117002866	-0.1291191744	0.1291191744	0.1291810399	-0.1291810399	-0.6670936783	0.6670936783	0.6691397645	-0.6691397645	0.7385516325	-0.7385516325	0.7407507107	-0.7407507107	-1.023232196	1.023232196	1.023286424	-1.023286424	1.03005073	-1.03005073	-1.030372728	1.030372728	-1.037426441	1.037426441	-1.039024318	1.039024318	-1.085216869	1.085216869	1.085236776	-1.085236776	1.111388072	-1.111388072	1.111748087	-1.111748087	-1.131134428	1.131134428	-1.138122711	1.138122711	-1.142682865	1.142682865	1.147453529	-1.147453529	-1.169690917	1.169690917	-1.171379741	1.171379741	-1.173041468	1.173041468	1.174151409	-1.174151409	-1.202824472	1.202824472	1.204213632	-1.204213632	-1.218737526	1.218737526	-1.219612732	1.219612732	1.222560392	-1.222560392	-1.222696056	1.222696056	1.229277222	-1.229277222	1.230114124	-1.230114124	1.236147196	-1.236147196	-1.236370443	1.236370443	-1.244023327	1.244023327	1.245107185	-1.245107185	1.269332714	-1.269332714	1.269879516	-1.269879516	-1.270981727	1.270981727	-1.271335178	1.271335178	-1.302230096	1.302230096	-1.302364305	1.302364305	1.310835082	-1.310835082	1.311152817	-1.311152817	-1.355353068	1.355353068	1.355387587	-1.355387587	-1.367778004	1.367778004	-1.368337968	1.368337968	1.392115197	-1.392115197	-1.392996795	1.392996795	-1.398881168	1.398881168	1.398983936	-1.398983936	-1.418481555	1.418481555	1.418590055	-1.418590055	1.453885642	-1.453885642	-1.454691636	1.454691636	-1.462483805	1.462483805	-1.463111803	1.463111803	-1.486011447	1.486011447	1.49291523	-1.49291523	-1.535270431	1.535270431	-1.540780049	1.540780049	1.55590675	-1.55590675	1.560429818	-1.560429818	1.560571488	-1.560571488	-1.560958261	1.560958261	1.577391216	-1.577391216	-1.5774604	1.5774604	-1.584742602	1.584742602	-1.587452295	1.587452295	1.602444404	-1.602444404	-1.60492964	1.60492964	-1.67800818	1.67800818	1.680912523	-1.680912523	1.714110188	-1.714110188	1.714116667	-1.714116667	-1.747276381	1.747276381	-1.747293157	1.747293157	-1.796143701	1.796143701	1.801721865	-1.801721865	1.816752376	-1.816752376	1.818758669	-1.818758669	1.835041197	-1.835041197	1.837832819	-1.837832819	-1.843830144	1.843830144	1.843914681	-1.843914681	-1.87682064	1.87682064	1.877753369	-1.877753369	1.903543961	-1.903543961	-1.905044539	1.905044539	1.932994184	-1.932994184	-1.933241555	1.933241555	-1.981962474	1.981962474	1.982120589	-1.982120589	-2.003729227	2.003729227	-2.004588963	2.004588963	-2.014217155	2.014217155	-2.014648052	2.014648052	-2.01851506	2.01851506	-2.020751033	2.020751033	-2.074531449	2.074531449	2.07455178	-2.07455178	-2.089321586	2.089321586	2.089804139	-2.089804139	
-0.88	-0.04296021973	0.04296021973	-0.04310763717	0.04310763717	0.08390792694	-0.08390792694	-0.08463713225	0.08463713225	-0.0962822759	0.0962822759	-0.09840879736	0.09840879736	-0.1037288162	0.1037288162	0.1053384832	-0.1053384832	-0.1117175802	0.1117175802	-0.1119168638	0.1119168638	0.1136401379	-0.1136401379	-0.1138775958	0.1138775958	-0.1164721881	0.1164721881	-0.1171208347	0.1171208347	-0.1197206557	0.1197206557	-0.1198295303	0.1198295303	-0.1368877056	0.1368877056	-0.1369550571	0.1369550571	0.6638045258	-0.6638045258	0.6658430819	-0.6658430819	-0.7417353196	0.7417353196	0.7439406366	-0.7439406366	-1.023197659	1.023197659	-1.023257422	1.023257422	1.029941028	-1.029941028	1.030356686	-1.030356686	1.036403896	-1.036403896	-1.038075087	1.038075087	-1.085141942	1.085141942	1.085159376	-1.085159376	1.111349886	-1.111349886	-1.111754006	1.111754006	-1.129735258	1.129735258	-1.13687844	1.13687844	1.142124627	-1.142124627	-1.146962502	1.146962502	-1.169590334	1.169590334	1.171357217	-1.171357217	-1.172945364	1.172945364	-1.174125033	1.174125033	1.202578757	-1.202578757	-1.203840247	1.203840247	-1.218577504	1.218577504	-1.219376468	1.219376468	1.221845902	-1.221845902	-1.221976694	1.221976694	-1.228685836	1.228685836	-1.229531524	1.229531524	-1.236001929	1.236001929	1.236239139	-1.236239139	-1.242529131	1.242529131	-1.243786774	1.243786774	-1.269792138	1.269792138	-1.269882287	1.269882287	1.270863655	-1.270863655	1.271640495	-1.271640495	-1.301354252	1.301354252	-1.301439537	1.301439537	-1.309531257	1.309531257	-1.309773608	1.309773608	-1.35538343	1.35538343	1.355419971	-1.355419971	-1.368635795	1.368635795	1.369218592	-1.369218592	-1.392265425	1.392265425	-1.393217728	1.393217728	-1.398804854	1.398804854	1.398915427	-1.398915427	-1.418717392	1.418717392	-1.41883742	1.41883742	1.45386165	-1.45386165	-1.454739012	1.454739012	1.462599049	-1.462599049	-1.463276018	1.463276018	-1.485882218	1.485882218	-1.493447403	1.493447403	-1.534503816	1.534503816	-1.540534019	1.540534019	-1.555440484	1.555440484	-1.56037112	1.56037112	1.560438413	-1.560438413	-1.560875233	1.560875233	-1.577384237	1.577384237	1.577455696	-1.577455696	-1.584698164	1.584698164	1.587691579	-1.587691579	-1.602342665	1.602342665	-1.604948022	1.604948022	1.678321858	-1.678321858	-1.68142632	1.68142632	1.714108601	-1.714108601	-1.714115976	1.714115976	-1.747298561	1.747298561	1.747315847	-1.747315847	-1.794666603	1.794666603	1.800397634	-1.800397634	-1.816392217	1.816392217	-1.818375532	1.818375532	-1.835331794	1.835331794	1.838253464	-1.838253464	-1.843815773	1.843815773	1.843906325	-1.843906325	-1.877024311	1.877024311	-1.878049779	1.878049779	-1.903727736	1.903727736	1.905356553	-1.905356553	-1.933079372	1.933079372	1.933354681	-1.933354681	-1.981844876	1.981844876	1.982016771	-1.982016771	2.002728609	-2.002728609	-2.003687792	2.003687792	-2.013249313	2.013249313	-2.013676102	2.013676102	2.018222341	-2.018222341	2.02074561	-2.02074561	2.074527043	-2.074527043	-2.074550052	2.074550052	2.089648581	-2.089648581	2.090229586	-2.090229586	
-0.87	-0.04653802582	0.04653802582	-0.04669721138	0.04669721138	-0.090779634	0.090779634	-0.09158275446	0.09158275446	-0.1041837036	0.1041837036	-0.1064583436	0.1064583436	-0.1122047465	0.1122047465	0.1140351424	-0.1140351424	-0.1208754093	0.1208754093	-0.1210360078	0.1210360078	-0.1222693505	0.1222693505	-0.1226839244	0.1226839244	-0.1254593448	0.1254593448	-0.1260603211	0.1260603211	0.1280511389	-0.1280511389	0.1280947996	-0.1280947996	-0.1448538414	0.1448538414	0.1449266235	-0.1449266235	0.6605111208	-0.6605111208	-0.6625419683	0.6625419683	-0.7449141223	0.7449141223	0.7471254629	-0.7471254629	-1.023157554	1.023157554	1.023222515	-1.023222515	1.02977715	-1.02977715	-1.030331495	1.030331495	-1.03534856	1.03534856	-1.037045535	1.037045535	1.085060963	-1.085060963	1.085074957	-1.085074957	-1.111306156	1.111306156	-1.111759661	1.111759661	-1.128272621	1.128272621	-1.135548887	1.135548887	-1.141487726	1.141487726	-1.146396691	1.146396691	-1.169479464	1.169479464	1.171293134	-1.171293134	-1.172872859	1.172872859	1.174098685	-1.174098685	-1.202300075	1.202300075	-1.203366238	1.203366238	-1.218411506	1.218411506	-1.219066585	1.219066585	-1.221086752	1.221086752	-1.221193514	1.221193514	1.228096964	-1.228096964	-1.228934719	1.228934719	-1.235847009	1.235847009	-1.236096294	1.236096294	-1.241020747	1.241020747	1.242444312	-1.242444312	-1.269740235	1.269740235	-1.270025482	1.270025482	-1.270872208	1.270872208	-1.271980348	1.271980348	-1.300394921	1.300394921	1.300405041	-1.300405041	-1.308239188	1.308239188	1.308371617	-1.308371617	1.355416251	-1.355416251	1.355454639	-1.355454639	1.369520644	-1.369520644	1.370122837	-1.370122837	1.392428679	-1.392428679	-1.393449551	1.393449551	-1.398723321	1.398723321	1.398841337	-1.398841337	-1.418970213	1.418970213	1.419102164	-1.419102164	1.453838602	-1.453838602	-1.454786868	1.454786868	1.462725786	-1.462725786	1.463449801	-1.463449801	-1.485760279	1.485760279	-1.493995871	1.493995871	-1.533699316	1.533699316	1.540257677	-1.540257677	-1.554954993	1.554954993	-1.560286718	1.560286718	-1.560293946	1.560293946	1.560787599	-1.560787599	-1.577377689	1.577377689	1.577450947	-1.577450947	-1.584655072	1.584655072	-1.587941371	1.587941371	1.602253256	-1.602253256	1.604954229	-1.604954229	1.67867082	-1.67867082	-1.681960751	1.681960751	1.714106907	-1.714106907	1.714115255	-1.714115255	-1.747322614	1.747322614	1.747340087	-1.747340087	-1.793157562	1.793157562	-1.799016193	1.799016193	1.816000045	-1.816000045	1.817955459	-1.817955459	1.835580241	-1.835580241	1.838617692	-1.838617692	1.843800284	-1.843800284	-1.843895081	1.843895081	1.877264295	-1.877264295	1.878382662	-1.878382662	-1.903932514	1.903932514	-1.905687333	1.905687333	-1.933172947	1.933172947	-1.933477687	1.933477687	-1.98171782	1.98171782	1.981903377	-1.981903377	2.001648648	-2.001648648	-2.00270392	2.00270392	2.012233917	-2.012233917	-2.012655044	2.012655044	2.017924016	-2.017924016	-2.020736465	2.020736465	-2.074522224	2.074522224	2.074548166	-2.074548166	-2.08999223	2.08999223	2.090676149	-2.090676149	
-0.86	-0.05011548022	0.05011548022	-0.05028646028	0.05028646028	-0.097656963	0.097656963	-0.0985329922	0.0985329922	-0.1120887287	0.1120887287	-0.1145076738	0.1145076738	-0.1206694381	0.1206694381	0.122727557	-0.122727557	-0.1299807561	0.1299807561	-0.1300944426	0.1300944426	-0.1309374493	0.1309374493	-0.1315760979	0.1315760979	-0.1344998486	0.1344998486	-0.1350471202	0.1350471202	-0.1364716742	0.1364716742	-0.1365281712	0.1365281712	-0.1529852256	0.1529852256	0.153063376	-0.153063376	-0.6572136455	0.6572136455	0.6592366339	-0.6592366339	-0.748087805	0.748087805	-0.7503049788	0.7503049788	-1.023110418	1.023110418	-1.023179554	1.023179554	1.029519795	-1.029519795	1.030290779	-1.030290779	-1.034302069	1.034302069	-1.035943507	1.035943507	-1.084973936	1.084973936	-1.084983485	1.084983485	1.111254878	-1.111254878	-1.11176512	1.11176512	-1.12674958	1.12674958	1.134138771	-1.134138771	1.140769063	-1.140769063	1.145756469	-1.145756469	1.169356247	-1.169356247	-1.171182723	1.171182723	-1.172828202	1.172828202	-1.174073458	1.174073458	-1.201980978	1.201980978	-1.20278124	1.20278124	-1.218238101	1.218238101	-1.218657852	1.218657852	1.220299201	-1.220299201	-1.220345866	1.220345866	1.227524175	-1.227524175	-1.228338713	1.228338713	-1.235674009	1.235674009	1.235924763	-1.235924763	-1.239518221	1.239518221	-1.241087797	1.241087797	-1.269527492	1.269527492	1.269979953	-1.269979953	1.27104813	-1.27104813	1.272268704	-1.272268704	1.299245492	-1.299245492	1.299339804	-1.299339804	-1.306977089	1.306977089	-1.306992188	1.306992188	-1.355451439	1.355451439	1.355491502	-1.355491502	-1.370426675	1.370426675	1.371045249	-1.371045249	1.392604164	-1.392604164	-1.393691406	1.393691406	-1.398636786	1.398636786	-1.398761865	1.398761865	-1.41923916	1.41923916	-1.419383445	1.419383445	1.45381643	-1.45381643	1.454835113	-1.454835113	1.462863688	-1.462863688	1.463632738	-1.463632738	-1.485643856	1.485643856	-1.494559624	1.494559624	-1.532858737	1.532858737	1.539954162	-1.539954162	-1.55445043	1.55445043	1.560138614	-1.560138614	-1.560170844	1.560170844	1.560700948	-1.560700948	-1.577371633	1.577371633	1.577446317	-1.577446317	-1.584612713	1.584612713	-1.588201414	1.588201414	-1.60217738	1.60217738	-1.604948612	1.604948612	-1.679053499	1.679053499	-1.682513741	1.682513741	-1.71410511	1.71410511	1.714114515	-1.714114515	1.747348495	-1.747348495	1.747365779	-1.747365779	1.791621686	-1.791621686	1.79758701	-1.79758701	-1.815574764	1.815574764	1.81750008	-1.81750008	1.835778507	-1.835778507	1.838919629	-1.838919629	-1.84378365	1.84378365	1.843880244	-1.843880244	-1.877542721	1.877542721	-1.878753592	1.878753592	-1.904157971	1.904157971	-1.906036338	1.906036338	-1.93327496	1.93327496	-1.933610776	1.933610776	1.981581321	-1.981581321	1.981780435	-1.981780435	2.00049252	-2.00049252	-2.001638735	2.001638735	2.011177411	-2.011177411	-2.0115901	2.0115901	-2.017620564	2.017620564	2.020723363	-2.020723363	-2.074516971	2.074516971	-2.074546137	2.074546137	2.0903519	-2.0903519	-2.091141544	2.091141544	
-0.85	0.05369254285	-0.05369254285	-0.05387533751	0.05387533751	-0.1045382738	0.1045382738	-0.1054863867	0.1054863867	-0.1199957377	0.1199957377	0.1225558999	-0.1225558999	-0.1291239961	0.1291239961	-0.1314152306	0.1314152306	0.1389362005	-0.1389362005	-0.1390795857	0.1390795857	0.1397401059	-0.1397401059	-0.1405611679	0.1405611679	-0.1435759846	0.1435759846	-0.1440550613	0.1440550613	0.1449420176	-0.1449420176	-0.1451404235	0.1451404235	0.1612553288	-0.1612553288	-0.1613387793	0.1613387793	-0.6539122518	0.6539122519	0.6559272499	-0.6559272499	-0.7512561692	0.7512561692	0.7534790015	-0.7534790015	1.023053996	-1.023053996	-1.023124713	1.023124713	-1.02910149	1.02910149	1.030221026	-1.030221026	-1.033335947	1.033335947	-1.034784818	1.034784818	1.084880849	-1.084880849	1.084884908	-1.084884908	1.111192959	-1.111192959	-1.111770436	1.111770436	-1.125170173	1.125170173	-1.132651206	1.132651206	1.139967217	-1.139967217	1.14504219	-1.14504219	1.169218725	-1.169218725	-1.171026117	1.171026117	-1.172810757	1.172810757	-1.174050305	1.174050305	-1.201612862	1.201612862	-1.202076234	1.202076234	-1.218054319	1.218054319	-1.218113682	1.218113682	-1.219433737	1.219433737	1.219511605	-1.219511605	1.226980367	-1.226980367	1.227757738	-1.227757738	-1.235464391	1.235464391	1.235668863	-1.235668863	-1.238080947	1.238080947	-1.239735409	1.239735409	1.269274028	-1.269274028	1.269792227	-1.269792227	-1.271241762	1.271241762	-1.272462904	1.272462904	-1.297945744	1.297945744	-1.298171598	1.298171598	1.305625869	-1.305625869	1.305823801	-1.305823801	1.355488902	-1.355488902	1.355530469	-1.355530469	1.371348746	-1.371348746	-1.371981077	1.371981077	1.392791075	-1.392791075	-1.393942442	1.393942442	-1.398545474	1.398545474	1.398677221	-1.398677221	-1.419523345	1.419523345	1.419680391	-1.419680391	1.453795058	-1.453795058	-1.454883646	1.454883646	-1.463012402	1.463012402	-1.463824403	1.463824403	-1.485531096	1.485531096	1.495137535	-1.495137535	-1.531984035	1.531984035	1.539626793	-1.539626793	-1.55392688	1.55392688	-1.559973057	1.559973057	-1.560019002	1.560019002	1.560619534	-1.560619534	-1.577366125	1.577366125	1.577441955	-1.577441955	1.584570579	-1.584570579	1.588471396	-1.588471396	1.602116121	-1.602116121	-1.604931643	1.604931643	-1.679468193	1.679468193	-1.683083184	1.683083184	1.714103216	-1.714103216	-1.714113766	1.714113766	1.747376155	-1.747376155	1.747392808	-1.747392808	-1.790063604	1.790063604	1.79611794	-1.79611794	1.81511597	-1.81511597	-1.817010804	1.817010804	1.835920125	-1.835920125	-1.839154742	1.839154742	-1.843765849	1.843765849	-1.843861124	1.843861124	-1.877861236	1.877861236	1.879163646	-1.879163646	1.904403744	-1.904403744	-1.906402982	1.906402982	-1.933385471	1.933385471	-1.933754168	1.933754168	-1.981435392	1.981435392	1.981647972	-1.981647972	1.999263847	-1.999263847	-2.000494454	2.000494454	-2.010085251	2.010085251	2.010485869	-2.010485869	-2.017312481	2.017312481	-2.020706049	2.020706049	2.074511266	-2.074511266	-2.074543975	2.074543975	2.090727018	-2.090727018	-2.091623671	2.091623671	
-0.84	0.05726917499	-0.05726917499	-0.05746379938	0.05746379938	-0.1114222907	0.1114222907	-0.1124417968	0.1124417968	-0.1279034334	0.1279034334	-0.1306023134	0.1306023134	0.1375693801	-0.1375693801	0.1400976958	-0.1400976958	0.1476717909	-0.1476717909	-0.1480003997	0.1480003997	-0.1487479628	0.1487479628	-0.1496246385	0.1496246385	-0.1526698981	0.1526698981	-0.1530506363	0.1530506363	0.153496347	-0.153496347	-0.153889716	0.153889716	-0.169642293	0.169642293	-0.1697309704	0.1697309704	0.6506070708	-0.6506070708	0.6526139606	-0.6526139606	-0.7544190406	0.7544190406	0.7566473672	-0.7566473672	1.022984628	-1.022984628	1.023050511	-1.023050511	1.028435759	-1.028435759	-1.030089785	1.030089785	-1.032544408	1.032544408	-1.033605674	1.033605674	-1.084779159	1.084779159	-1.084781676	1.084781676	1.111115449	-1.111115449	-1.111775636	1.111775636	1.123540191	-1.123540191	-1.131088408	1.131088408	1.139081706	-1.139081706	1.144254186	-1.144254186	1.169065117	-1.169065117	-1.170827418	1.170827418	-1.172815921	1.172815921	-1.174029995	1.174029995	1.201185916	-1.201185916	-1.201244108	1.201244108	-1.21739682	1.21739682	-1.217850314	1.217850314	-1.218463329	1.218463329	1.218755529	-1.218755529	1.226476645	-1.226476645	1.227202353	-1.227202353	1.23512817	-1.23512817	1.235173062	-1.235173062	-1.23691511	1.23691511	1.238432368	-1.238432368	1.268992175	-1.268992175	-1.269547856	1.269547856	1.271353805	-1.271353805	-1.272537449	1.272537449	1.296495339	-1.296495339	1.296870253	-1.296870253	-1.304356931	1.304356931	-1.304762962	1.304762962	1.35552854	-1.35552854	1.355571443	-1.355571443	-1.372282383	1.372282383	-1.372926197	1.372926197	1.392988612	-1.392988612	-1.39420183	1.39420183	-1.398449616	1.398449616	1.398587624	-1.398587624	1.419821858	-1.419821858	-1.419992102	1.419992102	1.453774399	-1.453774399	1.454932361	-1.454932361	-1.463171555	1.463171555	-1.464024364	1.464024364	-1.485420079	1.485420079	1.495728349	-1.495728349	-1.531077331	1.531077331	-1.539279035	1.539279035	1.553384378	-1.553384378	1.559798009	-1.559798009	-1.559829809	1.559829809	-1.560544445	1.560544445	1.57736121	-1.57736121	-1.577437998	1.577437998	-1.584528278	1.584528278	-1.588750955	1.588750955	-1.602070443	1.602070443	-1.604903909	1.604903909	-1.679913077	1.679913077	-1.683666956	1.683666956	1.71410123	-1.71410123	-1.714113018	1.714113018	-1.747405533	1.747405533	1.747421042	-1.747421042	-1.788487551	1.788487551	-1.79461557	1.79461557	-1.814623743	1.814623743	-1.816488873	1.816488873	-1.836000108	1.836000108	-1.839319653	1.839319653	1.843746859	-1.843746859	-1.843837177	1.843837177	-1.878220908	1.878220908	-1.879613351	1.879613351	-1.904669429	1.904669429	-1.906786637	1.906786637	1.933504542	-1.933504542	-1.933908094	1.933908094	1.981280037	-1.981280037	1.98150602	-1.98150602	-1.997966618	1.997966618	-1.999274108	1.999274108	2.00896194	-2.00896194	-2.00934636	2.00934636	2.017000224	-2.017000224	-2.02068425	2.02068425	2.07450509	-2.07450509	2.074541695	-2.074541695	2.091117024	-2.091117024	-2.092120585	2.092120585	
-0.83	-0.06084533874	0.06084533874	-0.06105180397	0.06105180397	-0.1183079974	0.1183079974	-0.1193983073	0.1193983073	-0.1358107476	0.1358107476	0.1386463218	-0.1386463218	0.1460063689	-0.1460063689	0.1487744942	-0.1487744942	0.1562920745	-0.1562920745	-0.1568790768	0.1568790768	0.1578582296	-0.1578582296	-0.1587389953	0.1587389953	0.1617363818	-0.1617363818	0.1619999529	-0.1619999529	-0.1621587124	0.1621587124	-0.1627833094	0.1627833094	0.1781280063	-0.1781280063	-0.1782218337	0.1782218337	0.6472982183	-0.6472982183	-0.6492968917	0.6492968917	0.7575762615	-0.7575762615	0.7598099245	-0.7598099245	-1.022895996	1.022895996	-1.022940468	1.022940468	-1.027482223	1.027482223	1.029811437	-1.029811437	-1.031984617	1.031984617	-1.032498156	1.032498156	1.084666148	-1.084666148	-1.084676375	1.084676375	1.111014077	-1.111014077	1.111780704	-1.111780704	-1.121868655	1.121868655	1.129452073	-1.129452073	1.138112588	-1.138112588	1.143392757	-1.143392757	1.16889387	-1.16889387	-1.170592217	1.170592217	-1.172837577	1.172837577	1.174013078	-1.174013078	-1.200280069	1.200280069	-1.200689148	1.200689148	-1.216503479	1.216503479	1.217349336	-1.217349336	-1.217707485	1.217707485	-1.218033602	1.218033602	1.226020972	-1.226020972	1.226675232	-1.226675232	-1.234028199	1.234028199	1.234689388	-1.234689388	-1.236305293	1.236305293	-1.237290515	1.237290515	-1.268687763	1.268687763	-1.269272234	1.269272234	1.271344798	-1.271344798	-1.272473439	1.272473439	-1.294892165	1.294892165	-1.295418349	1.295418349	-1.303206564	1.303206564	1.303829774	-1.303829774	1.355570254	-1.355570254	-1.355614325	1.355614325	1.373223712	-1.373223712	1.373877048	-1.373877048	-1.393195978	1.393195978	1.39446876	-1.39446876	1.398349455	-1.398349455	-1.398493306	1.398493306	-1.420133773	1.420133773	-1.420317663	1.420317663	-1.453754358	1.453754358	1.454981142	-1.454981142	-1.463340751	1.463340751	-1.464232181	1.464232181	-1.485308833	1.485308833	-1.496330671	1.496330671	-1.530140912	1.530140912	-1.538914466	1.538914466	-1.552822926	1.552822926	1.559604234	-1.559604234	-1.559614285	1.559614285	-1.560474389	1.560474389	-1.577356928	1.577356928	1.577434561	-1.577434561	-1.58448554	1.58448554	1.589039674	-1.589039674	1.60204117	-1.60204117	-1.604866104	1.604866104	-1.680386223	1.680386223	1.684262918	-1.684262918	-1.714099159	1.714099159	1.714112282	-1.714112282	-1.747436563	1.747436563	-1.747450327	1.747450327	-1.786897447	1.786897447	-1.793085494	1.793085494	1.814098491	-1.814098491	-1.81593541	1.81593541	1.836014851	-1.836014851	1.839411935	-1.839411935	-1.84372666	1.84372666	-1.843808146	1.843808146	1.878622172	-1.878622172	-1.880102646	1.880102646	-1.90495458	1.90495458	-1.907186636	1.907186636	1.933632244	-1.933632244	1.934072799	-1.934072799	-1.981115248	1.981115248	1.981354611	-1.981354611	1.996605104	-1.996605104	-1.997981467	1.997981467	-2.007811095	2.007811095	-2.008175056	2.008175056	-2.016684178	2.016684178	-2.020657683	2.020657683	-2.074498426	2.074498426	-2.07453931	2.07453931	-2.091521334	2.091521334	-2.092630456	2.092630456	
-0.82	-0.06442099653	0.06442099653	-0.06463931046	0.06463931046	-0.125194566	0.125194566	-0.1263551679	0.1263551679	-0.1437167803	0.1437167803	-0.1466874075	0.1466874075	0.1544355543	-0.1544355543	-0.1574451682	0.1574451682	-0.1648728896	0.1648728896	-0.1657346781	0.1657346781	-0.1669968824	0.1669968824	-0.167880103	0.167880103	-0.170608342	0.170608342	0.170905446	-0.170905446	-0.1710796651	0.1710796651	-0.1717966881	0.1717966881	-0.1866973674	0.1866973674	-0.1867962646	0.1867962646	0.6439857993	-0.6439857993	-0.6459761556	0.6459761556	-0.7607276853	0.7607276853	0.7629665308	-0.7629665308	-1.022752437	1.022752437	-1.022776351	1.022776351	-1.026312657	1.026312657	1.029203152	-1.029203152	-1.031627288	1.031627288	1.031657037	-1.031657037	1.084545755	-1.084545755	-1.084564891	1.084564891	1.110874282	-1.110874282	1.11178556	-1.11178556	1.120170795	-1.120170795	1.127743606	-1.127743606	-1.137060224	1.137060224	1.142458167	-1.142458167	-1.168703696	1.168703696	-1.170325698	1.170325698	-1.172869969	1.172869969	-1.173999857	1.173999857	-1.199181852	1.199181852	-1.200110556	1.200110556	-1.215466254	1.215466254	1.216258624	-1.216258624	-1.217318005	1.217318005	-1.217455321	1.217455321	1.225616496	-1.225616496	-1.226165092	1.226165092	1.232604678	-1.232604678	1.233842656	-1.233842656	1.236034752	-1.236034752	-1.236483858	1.236483858	1.268363954	-1.268363954	1.268973932	-1.268973932	1.271192505	-1.271192505	1.272255553	-1.272255553	-1.293142771	1.293142771	1.293807376	-1.293807376	-1.302201381	1.302201381	-1.303034408	1.303034408	-1.35561394	1.35561394	-1.355659015	1.355659015	1.374169391	-1.374169391	-1.374830561	1.374830561	-1.393412392	1.393412392	-1.394742452	1.394742452	1.398245238	-1.398245238	1.398394504	-1.398394504	1.420458155	-1.420458155	-1.420656145	1.420656145	1.453734829	-1.453734829	-1.455029865	1.455029865	1.46351958	-1.46351958	-1.464447408	1.464447408	1.48519535	-1.48519535	1.496942943	-1.496942943	-1.529177249	1.529177249	-1.538536739	1.538536739	-1.552242518	1.552242518	1.559343854	-1.559343854	1.559422758	-1.559422758	1.560407456	-1.560407456	-1.577353309	1.577353309	-1.577431743	1.577431743	1.584442223	-1.584442223	1.589337074	-1.589337074	1.602028991	-1.602028991	1.604819018	-1.604819018	-1.680885611	1.680885611	-1.684868919	1.684868919	1.714097011	-1.714097011	-1.714111567	1.714111567	-1.747469167	1.747469167	1.747480484	-1.747480484	-1.785296958	1.785296958	1.791532534	-1.791532534	1.813540849	-1.813540849	-1.815351453	1.815351453	-1.835962016	1.835962016	-1.839429925	1.839429925	1.843705237	-1.843705237	-1.843774177	1.843774177	1.879064802	-1.879064802	-1.880630887	1.880630887	-1.905258709	1.905258709	-1.907602267	1.907602267	1.933768654	-1.933768654	1.93424854	-1.93424854	1.980940997	-1.980940997	1.981193778	-1.981193778	1.995183764	-1.995183764	-1.996620919	1.996620919	-2.00663558	2.00663558	-2.006974982	2.006974982	2.016364651	-2.016364651	-2.020626063	2.020626063	2.074491255	-2.074491255	2.074536831	-2.074536831	-2.091939316	2.091939316	-2.093151529	2.093151529	
-0.81	0.06799611088	-0.06799611088	-0.06822627863	0.06822627863	-0.132081308	0.132081308	-0.1333117496	0.1333117496	-0.1516207576	0.1516207576	0.1547251009	-0.1547251009	-0.1628573514	0.1628573514	0.1661092575	-0.1661092575	0.1734390106	-0.1734390106	-0.1745783847	0.1745783847	0.1761404556	-0.1761404556	-0.1770318253	0.1770318253	-0.1793451721	0.1793451721	-0.1797990838	0.1797990838	-0.1801868959	0.1801868959	-0.1808798209	0.1808798209	-0.1953377026	0.1953377026	0.1954415874	-0.1954415874	0.6406699107	-0.6406699107	-0.6426518547	0.6426518547	0.7638731729	-0.7638731729	0.7661170489	-0.7661170489	-1.022365446	1.022365446	1.022601872	-1.022601872	-1.025117029	1.025117029	1.028166716	-1.028166716	1.031204606	-1.031204606	1.031403816	-1.031403816	1.08441783	-1.08441783	-1.084447153	1.084447153	1.110668966	-1.110668966	-1.111790008	1.111790008	-1.118474308	1.118474308	-1.125964277	1.125964277	-1.135925145	1.135925145	-1.141450646	1.141450646	-1.168493582	1.168493582	-1.170031923	1.170031923	1.172908362	-1.172908362	1.173990374	-1.173990374	-1.197949692	1.197949692	-1.199437494	1.199437494	-1.214317688	1.214317688	1.215073159	-1.215073159	-1.216586976	1.216586976	1.217208941	-1.217208941	1.225259107	-1.225259107	-1.225636873	1.225636873	-1.231126937	1.231126937	1.232629946	-1.232629946	-1.23587147	1.23587147	1.236022753	-1.236022753	-1.268022644	1.268022644	-1.26865662	1.26865662	-1.27088096	1.27088096	1.271871602	-1.271871602	-1.291259453	1.291259453	-1.29204045	1.29204045	-1.301354661	1.301354661	1.302379081	-1.302379081	-1.355659492	1.355659492	-1.355705408	1.355705408	-1.375116538	1.375116538	-1.375784097	1.375784097	-1.393637087	1.393637087	-1.395022155	1.395022155	-1.398137219	1.398137219	1.398291462	-1.398291462	-1.420794065	1.420794065	1.421006613	-1.421006613	-1.453715694	1.453715694	-1.455078399	1.455078399	-1.463707615	1.463707615	-1.464669599	1.464669599	-1.485077607	1.485077607	-1.497563416	1.497563416	-1.528189018	1.528189018	1.538149551	-1.538149551	1.551643157	-1.551643157	1.559049924	-1.559049924	-1.559224344	1.559224344	-1.56034207	1.56034207	1.577350381	-1.577350381	-1.577429618	1.577429618	1.584398303	-1.584398303	1.589642615	-1.589642615	-1.602034446	1.602034446	-1.604763531	1.604763531	-1.681409143	1.681409143	1.685482799	-1.685482799	1.714094793	-1.714094793	-1.714110884	1.714110884	-1.747503257	1.747503257	-1.747511303	1.747511303	-1.783689554	1.783689554	-1.78996091	1.78996091	-1.812951602	1.812951602	-1.814737985	1.814737985	-1.835840407	1.835840407	-1.839372602	1.839372602	1.843682576	-1.843682576	1.843735846	-1.843735846	1.879547925	-1.879547925	-1.88119687	1.88119687	-1.905581285	1.905581285	1.908032779	-1.908032779	1.93391385	-1.93391385	-1.934435587	1.934435587	-1.980757234	1.980757234	1.981023553	-1.981023553	1.993707158	-1.993707158	-1.99519731	1.99519731	-2.005437659	2.005437659	-2.005748789	2.005748789	-2.016041867	2.016041867	-2.020589108	2.020589108	-2.074483561	2.074483561	2.074534271	-2.074534271	2.092370279	-2.092370279	-2.093682074	2.093682074	
