# disorder/μ phi/π evs ...
0	-1	0.017516	-0.017516	0.019708	-0.019708	0.031689	-0.031689	0.031892	-0.031892	0.047893	-0.047893	0.069558	-0.069558	0.071954	-0.071954	0.094817	-0.094817	0.11737	-0.11737	0.12652	-0.12652	-0.14407	0.14407	-1.024	1.024	-1.0261	1.0261	-1.0898	1.0898	1.1005	-1.1005	-1.1488	1.1488	-1.1505	1.1505	-1.1797	1.1797	-1.1912	1.1912	1.2223	-1.2223	-1.2254	1.2254	-1.3077	1.3077	-1.3301	1.3301	-1.3338	1.3338	-1.353	1.353	-1.3654	1.3654	-1.3785	1.3785	-1.3812	1.3812	1.3823	-1.3823	-1.3966	1.3966	-1.449	1.449	-1.4555	1.4555	-1.4644	1.4644	-1.4858	1.4858	1.504	-1.504	1.513	-1.513	-1.5206	1.5206	1.5381	-1.5381	-1.6051	1.6051	-1.6083	1.6083	-1.6347	1.6347	-1.6658	1.6658	1.682	-1.682	1.7081	-1.7081	1.7717	-1.7717	-1.7773	1.7773	1.7916	-1.7916	1.8131	-1.8131	-1.8302	1.8302	-1.9486	1.9486	
0	-0.98	0.035707	-0.035707	-0.036702	0.036702	0.044493	-0.044493	0.044606	-0.044606	-0.057183	0.057183	0.07629	-0.07629	0.078488	-0.078488	0.099887	-0.099887	-0.12154	0.12154	0.13041	-0.13041	-0.1471	0.1471	1.024	-1.024	-1.0261	1.0261	1.0898	-1.0898	-1.1005	1.1005	-1.1488	1.1488	-1.1505	1.1505	1.1797	-1.1797	1.1912	-1.1912	1.2223	-1.2223	-1.2254	1.2254	-1.3077	1.3077	1.3301	-1.3301	1.3338	-1.3338	-1.353	1.353	1.3654	-1.3654	-1.3785	1.3785	-1.3812	1.3812	-1.3823	1.3823	-1.3966	1.3966	1.449	-1.449	-1.4555	1.4555	-1.4644	1.4644	-1.4858	1.4858	1.504	-1.504	-1.513	1.513	-1.5206	1.5206	-1.5381	1.5381	1.6051	-1.6051	-1.6083	1.6083	1.6346	-1.6346	-1.6659	1.6659	1.682	-1.682	-1.7082	1.7082	1.7718	-1.7718	1.7774	-1.7774	-1.7915	1.7915	1.8131	-1.8131	1.8302	-1.8302	-1.9486	1.9486	
0	-0.96	-0.064622	0.064622	-0.064957	0.064957	-0.070016	0.070016	0.070026	-0.070026	-0.078705	0.078705	0.093606	-0.093606	-0.095422	0.095422	-0.11373	0.11373	0.13326	-0.13326	0.14145	-0.14145	0.15585	-0.15585	1.024	-1.024	1.0261	-1.0261	1.0898	-1.0898	1.1005	-1.1005	1.1488	-1.1488	1.1505	-1.1505	1.1796	-1.1796	-1.1912	1.1912	-1.2223	1.2223	1.2253	-1.2253	1.3077	-1.3077	-1.33	1.33	1.3336	-1.3336	1.3532	-1.3532	1.3654	-1.3654	1.3784	-1.3784	-1.3811	1.3811	1.3822	-1.3822	-1.3965	1.3965	1.4489	-1.4489	-1.4554	1.4554	-1.4645	1.4645	1.486	-1.486	1.504	-1.504	-1.513	1.513	1.5206	-1.5206	1.5381	-1.5381	-1.6052	1.6052	1.6083	-1.6083	1.6345	-1.6345	1.6659	-1.6659	-1.682	1.682	1.7083	-1.7083	1.7719	-1.7719	-1.7776	1.7776	-1.7914	1.7914	1.8131	-1.8131	-1.8302	1.8302	1.9485	-1.9485	
0	-0.94	0.094839	-0.094839	0.094861	-0.094861	0.098731	-0.098731	0.098796	-0.098796	0.10515	-0.10515	0.11685	-0.11685	0.11833	-0.11833	0.13361	-0.13361	0.15075	-0.15075	0.1581	-0.1581	-0.16939	0.16939	1.0239	-1.0239	1.0261	-1.0261	1.0898	-1.0898	1.1005	-1.1005	-1.1488	1.1488	1.1505	-1.1505	1.1795	-1.1795	1.1912	-1.1912	1.2223	-1.2223	-1.2251	1.2251	1.3076	-1.3076	1.3299	-1.3299	1.3334	-1.3334	-1.3533	1.3533	1.3655	-1.3655	1.3782	-1.3782	1.381	-1.381	1.3822	-1.3822	-1.3963	1.3963	1.4488	-1.4488	1.4553	-1.4553	1.4646	-1.4646	1.4862	-1.4862	-1.5039	1.5039	1.5131	-1.5131	1.5206	-1.5206	1.5382	-1.5382	1.6053	-1.6053	-1.6082	1.6082	1.6343	-1.6343	-1.666	1.666	1.6821	-1.6821	1.7085	-1.7085	1.7722	-1.7722	1.7779	-1.7779	-1.7912	1.7912	-1.813	1.813	1.8302	-1.8302	1.9485	-1.9485	
0	-0.92	-0.12512	0.12512	0.1254	-0.1254	-0.12847	0.12847	0.12859	-0.12859	-0.13356	0.13356	0.14309	-0.14309	-0.14433	0.14433	0.1572	-0.1572	0.1722	-0.1722	0.17876	-0.17876	-0.18665	0.18665	1.0239	-1.0239	1.0261	-1.0261	1.0898	-1.0898	1.1006	-1.1006	1.1488	-1.1488	1.1505	-1.1505	1.1793	-1.1793	-1.1911	1.1911	1.2224	-1.2224	-1.2249	1.2249	1.3076	-1.3076	1.3298	-1.3298	1.3331	-1.3331	1.3536	-1.3536	1.3656	-1.3656	1.3779	-1.3779	1.3808	-1.3808	1.382	-1.382	1.3961	-1.3961	1.4486	-1.4486	1.4552	-1.4552	-1.4647	1.4647	1.4866	-1.4866	1.5039	-1.5039	1.5132	-1.5132	-1.5206	1.5206	1.5383	-1.5383	1.6055	-1.6055	1.6081	-1.6081	-1.6341	1.6341	1.6662	-1.6662	1.6821	-1.6821	-1.7087	1.7087	1.7725	-1.7725	1.7784	-1.7784	-1.7908	1.7908	-1.813	1.813	1.8302	-1.8302	-1.9485	1.9485	
0	-0.9	-0.15548	0.15548	-0.15598	0.15598	0.15857	-0.15857	0.15876	-0.15876	-0.16283	0.16283	0.17088	-0.17088	0.17195	-0.17195	-0.18299	0.18299	-0.19625	0.19625	0.20214	-0.20214	0.20665	-0.20665	-1.0239	1.0239	-1.0261	1.0261	1.0898	-1.0898	1.1006	-1.1006	1.1488	-1.1488	1.1505	-1.1505	-1.1791	1.1791	1.1911	-1.1911	1.2224	-1.2224	1.2246	-1.2246	1.3075	-1.3075	1.3297	-1.3297	1.3326	-1.3326	1.354	-1.354	1.3657	-1.3657	1.3775	-1.3775	1.3806	-1.3806	1.3819	-1.3819	-1.3958	1.3958	1.4484	-1.4484	1.4551	-1.4551	1.4649	-1.4649	1.4871	-1.4871	1.5039	-1.5039	1.5133	-1.5133	1.5206	-1.5206	1.5383	-1.5383	1.6057	-1.6057	1.6081	-1.6081	-1.6338	1.6338	-1.6664	1.6664	1.6822	-1.6822	-1.7091	1.7091	-1.773	1.773	1.779	-1.779	-1.7904	1.7904	1.813	-1.813	1.8302	-1.8302	1.9485	-1.9485	
0	-0.88	0.18579	-0.18579	0.18649	-0.18649	0.18879	-0.18879	0.18903	-0.18903	0.19249	-0.19249	0.1995	-0.1995	0.20044	-0.20044	-0.21011	0.21011	-0.222	0.222	0.22734	-0.22734	-0.22861	0.22861	1.0239	-1.0239	-1.0261	1.0261	1.0897	-1.0897	1.1006	-1.1006	1.1487	-1.1487	1.1505	-1.1505	1.1789	-1.1789	1.191	-1.191	1.2225	-1.2225	1.2243	-1.2243	1.3074	-1.3074	1.3295	-1.3295	1.3321	-1.3321	-1.3544	1.3544	1.3658	-1.3658	1.377	-1.377	1.3803	-1.3803	1.3817	-1.3817	-1.3954	1.3954	1.4482	-1.4482	1.455	-1.455	1.4651	-1.4651	1.4877	-1.4877	1.5038	-1.5038	1.5135	-1.5135	1.5206	-1.5206	1.5384	-1.5384	1.606	-1.606	1.6079	-1.6079	1.6334	-1.6334	1.6666	-1.6666	1.6822	-1.6822	-1.7095	1.7095	1.7735	-1.7735	1.7797	-1.7797	-1.7899	1.7899	1.813	-1.813	1.8303	-1.8303	-1.9485	1.9485	
0	-0.86	0.216	-0.216	0.21688	-0.21688	0.21897	-0.21897	0.21926	-0.21926	0.2223	-0.2223	0.22854	-0.22854	0.22939	-0.22939	-0.23801	0.23801	0.24883	-0.24883	0.25196	-0.25196	0.25374	-0.25374	1.0239	-1.0239	1.0261	-1.0261	1.0897	-1.0897	1.1006	-1.1006	-1.1487	1.1487	1.1505	-1.1505	-1.1786	1.1786	1.1909	-1.1909	1.2225	-1.2225	1.2238	-1.2238	1.3073	-1.3073	1.3293	-1.3293	1.3315	-1.3315	1.3549	-1.3549	1.366	-1.366	1.3765	-1.3765	1.3799	-1.3799	1.3815	-1.3815	1.395	-1.395	1.4478	-1.4478	1.4548	-1.4548	1.4653	-1.4653	1.4884	-1.4884	1.5038	-1.5038	1.5137	-1.5137	1.5206	-1.5206	1.5386	-1.5386	1.6064	-1.6064	1.6078	-1.6078	-1.6329	1.6329	1.6669	-1.6669	1.6823	-1.6823	1.71	-1.71	1.7741	-1.7741	1.7806	-1.7806	-1.7893	1.7893	1.8129	-1.8129	1.8303	-1.8303	-1.9484	1.9484	
0	-0.84	-0.24603	0.24603	0.24709	-0.24709	0.24904	-0.24904	0.24938	-0.24938	0.2521	-0.2521	0.25778	-0.25778	0.25855	-0.25855	0.26637	-0.26637	0.27627	-0.27627	0.27636	-0.27636	0.28092	-0.28092	1.0239	-1.0239	-1.0261	1.0261	1.0897	-1.0897	1.1007	-1.1007	-1.1487	1.1487	1.1505	-1.1505	1.1782	-1.1782	1.1908	-1.1908	1.2226	-1.2226	1.2234	-1.2234	1.3072	-1.3072	1.329	-1.329	1.3308	-1.3308	-1.3555	1.3555	1.3661	-1.3661	1.3759	-1.3759	1.3795	-1.3795	1.3812	-1.3812	-1.3945	1.3945	1.4475	-1.4475	1.4546	-1.4546	1.4656	-1.4656	1.4892	-1.4892	1.5037	-1.5037	1.5139	-1.5139	1.5207	-1.5207	1.5387	-1.5387	1.6067	-1.6067	1.6077	-1.6077	-1.6323	1.6323	1.6672	-1.6672	1.6824	-1.6824	1.7105	-1.7105	1.7749	-1.7749	1.7817	-1.7817	-1.7886	1.7886	1.8129	-1.8129	1.8303	-1.8303	-1.9484	1.9484	
0	-0.82	0.27585	-0.27585	-0.27709	0.27709	0.27894	-0.27894	0.27933	-0.27933	0.28182	-0.28182	0.28706	-0.28706	0.28777	-0.28777	-0.29495	0.29495	0.30124	-0.30124	0.3043	-0.3043	0.30859	-0.30859	1.0239	-1.0239	-1.0261	1.0261	1.0897	-1.0897	1.1007	-1.1007	1.1487	-1.1487	1.1505	-1.1505	1.1778	-1.1778	1.1907	-1.1907	1.2227	-1.2227	1.2228	-1.2228	1.3071	-1.3071	1.3287	-1.3287	1.3299	-1.3299	1.3561	-1.3561	1.3663	-1.3663	1.3751	-1.3751	1.3791	-1.3791	1.381	-1.381	-1.3939	1.3939	1.4471	-1.4471	1.4543	-1.4543	1.4659	-1.4659	1.4901	-1.4901	1.5037	-1.5037	1.5142	-1.5142	1.5207	-1.5207	1.5389	-1.5389	1.6072	-1.6072	1.6075	-1.6075	1.6317	-1.6317	1.6676	-1.6676	1.6825	-1.6825	-1.7111	1.7111	1.7757	-1.7757	1.7828	-1.7828	-1.7879	1.7879	1.8128	-1.8128	1.8303	-1.8303	1.9483	-1.9483	
0	-0.8	0.30544	-0.30544	0.30685	-0.30685	0.30861	-0.30861	0.30906	-0.30906	0.31137	-0.31137	0.31627	-0.31627	0.31694	-0.31694	0.32362	-0.32362	0.32665	-0.32665	0.33247	-0.33247	0.33656	-0.33656	-1.0239	1.0239	1.0261	-1.0261	1.0896	-1.0896	1.1008	-1.1008	1.1487	-1.1487	1.1506	-1.1506	1.1774	-1.1774	-1.1906	1.1906	1.2222	-1.2222	1.2228	-1.2228	1.307	-1.307	1.3284	-1.3284	1.329	-1.329	1.3569	-1.3569	1.3666	-1.3666	1.3743	-1.3743	1.3786	-1.3786	1.3806	-1.3806	1.3933	-1.3933	1.4466	-1.4466	1.454	-1.454	1.4662	-1.4662	1.4911	-1.4911	1.5036	-1.5036	1.5144	-1.5144	-1.5207	1.5207	1.5391	-1.5391	1.6073	-1.6073	1.6077	-1.6077	1.631	-1.631	1.668	-1.668	1.6826	-1.6826	1.7118	-1.7118	1.7766	-1.7766	1.7841	-1.7841	-1.787	1.787	1.8128	-1.8128	1.8303	-1.8303	-1.9483	1.9483	
0	-0.78	-0.33474	0.33474	0.33632	-0.33632	0.33803	-0.33803	0.33853	-0.33853	0.34072	-0.34072	0.34534	-0.34534	0.34597	-0.34597	0.35226	-0.35226	0.35232	-0.35232	0.36072	-0.36072	0.36466	-0.36466	1.0239	-1.0239	-1.0261	1.0261	1.0896	-1.0896	1.1008	-1.1008	1.1487	-1.1487	1.1506	-1.1506	-1.1769	1.1769	1.1904	-1.1904	1.2215	-1.2215	1.2229	-1.2229	1.3068	-1.3068	1.328	-1.328	1.328	-1.328	1.3577	-1.3577	1.3668	-1.3668	1.3734	-1.3734	1.378	-1.378	1.3803	-1.3803	1.3926	-1.3926	1.4461	-1.4461	1.4537	-1.4537	1.4666	-1.4666	1.4923	-1.4923	1.5035	-1.5035	1.5147	-1.5147	1.5207	-1.5207	1.5392	-1.5392	1.6071	-1.6071	1.6082	-1.6082	-1.6303	1.6303	1.6684	-1.6684	1.6827	-1.6827	1.7126	-1.7126	-1.7776	1.7776	1.7855	-1.7855	1.786	-1.786	1.8127	-1.8127	1.8303	-1.8303	1.9482	-1.9482	
0	-0.76	-0.36374	0.36374	0.36549	-0.36549	0.36715	-0.36715	0.3677	-0.3677	0.3698	-0.3698	0.3742	-0.3742	0.3748	-0.3748	0.37812	-0.37812	-0.38078	0.38078	0.38895	-0.38895	0.39279	-0.39279	1.0238	-1.0238	1.0261	-1.0261	1.0895	-1.0895	1.1009	-1.1009	1.1487	-1.1487	1.1506	-1.1506	-1.1763	1.1763	1.1903	-1.1903	1.2208	-1.2208	1.223	-1.223	1.3066	-1.3066	1.3269	-1.3269	1.3276	-1.3276	1.3586	-1.3586	1.3671	-1.3671	1.3725	-1.3725	1.3774	-1.3774	1.3799	-1.3799	1.3918	-1.3918	1.4455	-1.4455	1.4534	-1.4534	1.467	-1.467	1.4935	-1.4935	-1.5034	1.5034	1.5151	-1.5151	1.5207	-1.5207	1.5395	-1.5395	1.6068	-1.6068	1.6088	-1.6088	-1.6294	1.6294	1.6689	-1.6689	1.6829	-1.6829	-1.7135	1.7135	-1.7787	1.7787	-1.785	1.785	1.7871	-1.7871	1.8126	-1.8126	1.8303	-1.8303	-1.9482	1.9482	
0	-0.74	0.3924	-0.3924	-0.39432	0.39432	0.39594	-0.39594	0.39654	-0.39654	-0.3986	0.3986	0.40281	-0.40281	0.40338	-0.40338	0.40394	-0.40394	0.40911	-0.40911	-0.41707	0.41707	0.42084	-0.42084	1.0238	-1.0238	-1.0261	1.0261	1.0895	-1.0895	1.101	-1.101	1.1487	-1.1487	1.1506	-1.1506	1.1757	-1.1757	-1.1901	1.1901	1.2199	-1.2199	1.2231	-1.2231	1.3065	-1.3065	-1.3256	1.3256	1.3272	-1.3272	1.3597	-1.3597	1.3674	-1.3674	1.3714	-1.3714	1.3767	-1.3767	1.3795	-1.3795	-1.391	1.391	1.4449	-1.4449	1.453	-1.453	1.4675	-1.4675	-1.4949	1.4949	-1.5033	1.5033	1.5154	-1.5154	1.5207	-1.5207	1.5397	-1.5397	-1.6066	1.6066	1.6094	-1.6094	1.6285	-1.6285	-1.6694	1.6694	-1.683	1.683	1.7144	-1.7144	-1.7799	1.7799	1.7838	-1.7838	-1.7888	1.7888	-1.8126	1.8126	1.8303	-1.8303	-1.9481	1.9481	
0	-0.72	0.42069	-0.42069	0.42279	-0.42279	0.42436	-0.42436	0.42501	-0.42501	0.42706	-0.42706	0.42971	-0.42971	0.43112	-0.43112	0.43166	-0.43166	0.4372	-0.4372	0.44502	-0.44502	-0.44876	0.44876	1.0238	-1.0238	-1.0261	1.0261	1.0894	-1.0894	1.1011	-1.1011	1.1487	-1.1487	-1.1506	1.1506	1.175	-1.175	1.1899	-1.1899	1.219	-1.219	1.2233	-1.2233	1.3063	-1.3063	1.3243	-1.3243	1.3268	-1.3268	-1.3607	1.3607	1.3678	-1.3678	1.3702	-1.3702	1.376	-1.376	1.379	-1.379	-1.3901	1.3901	1.4443	-1.4443	1.4526	-1.4526	-1.468	1.468	1.4964	-1.4964	-1.5032	1.5032	1.5158	-1.5158	-1.5207	1.5207	1.54	-1.54	1.6063	-1.6063	1.6101	-1.6101	-1.6275	1.6275	1.67	-1.67	1.6832	-1.6832	-1.7153	1.7153	1.7812	-1.7812	1.7825	-1.7825	1.7906	-1.7906	1.8125	-1.8125	1.8303	-1.8303	1.948	-1.948	
0	-0.7	0.44859	-0.44859	-0.45086	0.45086	0.4524	-0.4524	0.4531	-0.4531	0.45517	-0.45517	0.45534	-0.45534	0.45908	-0.45908	0.45959	-0.45959	0.46499	-0.46499	0.47273	-0.47273	0.47647	-0.47647	1.0238	-1.0238	-1.0262	1.0262	1.0894	-1.0894	1.1011	-1.1011	1.1487	-1.1487	1.1506	-1.1506	1.1743	-1.1743	1.1897	-1.1897	1.2181	-1.2181	1.2234	-1.2234	1.306	-1.306	1.3228	-1.3228	1.3262	-1.3262	1.3619	-1.3619	1.3681	-1.3681	1.3689	-1.3689	1.3752	-1.3752	1.3785	-1.3785	1.3891	-1.3891	1.4436	-1.4436	1.4522	-1.4522	1.4685	-1.4685	1.498	-1.498	-1.5031	1.5031	1.5163	-1.5163	1.5207	-1.5207	1.5402	-1.5402	1.606	-1.606	1.6108	-1.6108	-1.6265	1.6265	1.6706	-1.6706	1.6834	-1.6834	1.7164	-1.7164	-1.7812	1.7812	1.7826	-1.7826	1.7926	-1.7926	1.8124	-1.8124	1.8304	-1.8304	1.9479	-1.9479	
0	-0.68	-0.47606	0.47606	-0.47852	0.47852	0.48001	-0.48001	0.48077	-0.48077	0.48078	-0.48078	0.48288	-0.48288	0.48666	-0.48666	0.48715	-0.48715	-0.49245	0.49245	0.50016	-0.50016	0.50393	-0.50393	1.0238	-1.0238	1.0262	-1.0262	1.0893	-1.0893	1.1012	-1.1012	1.1487	-1.1487	-1.1506	1.1506	-1.1735	1.1735	1.1895	-1.1895	1.217	-1.217	-1.2236	1.2236	1.3058	-1.3058	1.3212	-1.3212	1.3257	-1.3257	1.3632	-1.3632	1.3676	-1.3676	1.3685	-1.3685	1.3744	-1.3744	1.378	-1.378	1.3881	-1.3881	1.4428	-1.4428	1.4517	-1.4517	1.4691	-1.4691	1.4997	-1.4997	-1.5029	1.5029	1.5167	-1.5167	1.5207	-1.5207	1.5405	-1.5405	1.6057	-1.6057	1.6116	-1.6116	1.6253	-1.6253	1.6712	-1.6712	1.6835	-1.6835	-1.7175	1.7175	-1.7798	1.7798	1.7841	-1.7841	-1.7947	1.7947	1.8123	-1.8123	1.8304	-1.8304	-1.9479	1.9479	
0	-0.66	-0.50308	0.50308	0.50574	-0.50574	0.50597	-0.50597	-0.50718	0.50718	0.50799	-0.50799	0.51017	-0.51017	0.51384	-0.51384	0.51429	-0.51429	-0.51953	0.51953	0.52726	-0.52726	0.53109	-0.53109	-1.0237	1.0237	-1.0262	1.0262	1.0892	-1.0892	1.1013	-1.1013	1.1487	-1.1487	1.1506	-1.1506	1.1727	-1.1727	1.1893	-1.1893	1.2159	-1.2159	-1.2237	1.2237	1.3056	-1.3056	1.3195	-1.3195	-1.3251	1.3251	1.3646	-1.3646	1.3661	-1.3661	1.369	-1.369	1.3735	-1.3735	1.3774	-1.3774	-1.3869	1.3869	1.442	-1.442	1.4512	-1.4512	1.4697	-1.4697	1.5016	-1.5016	-1.5028	1.5028	1.5172	-1.5172	1.5207	-1.5207	1.5409	-1.5409	1.6054	-1.6054	1.6124	-1.6124	-1.6241	1.6241	1.6719	-1.6719	1.6837	-1.6837	1.7187	-1.7187	1.7782	-1.7782	1.7856	-1.7856	1.797	-1.797	1.8122	-1.8122	1.8304	-1.8304	1.9478	-1.9478	
0	-0.64	0.52963	-0.52963	-0.53087	0.53087	0.53249	-0.53249	0.53386	-0.53386	0.53473	-0.53473	0.53702	-0.53702	0.54057	-0.54057	0.54099	-0.54099	0.54621	-0.54621	0.554	-0.554	0.55791	-0.55791	-1.0237	1.0237	-1.0262	1.0262	1.0891	-1.0891	1.1014	-1.1014	1.1486	-1.1486	1.1506	-1.1506	1.1718	-1.1718	-1.189	1.189	1.2146	-1.2146	1.2239	-1.2239	1.3053	-1.3053	1.3177	-1.3177	1.3245	-1.3245	1.3646	-1.3646	1.3661	-1.3661	1.3694	-1.3694	1.3725	-1.3725	1.3768	-1.3768	-1.3857	1.3857	1.4411	-1.4411	1.4506	-1.4506	1.4703	-1.4703	-1.5027	1.5027	1.5036	-1.5036	1.5177	-1.5177	1.5208	-1.5208	1.5412	-1.5412	1.605	-1.605	1.6133	-1.6133	-1.6228	1.6228	1.6726	-1.6726	1.6839	-1.6839	1.7199	-1.7199	-1.7766	1.7766	-1.7873	1.7873	1.7993	-1.7993	1.8121	-1.8121	1.8304	-1.8304	1.9477	-1.9477	
0	-0.62	-0.55543	0.55543	0.55567	-0.55567	0.55874	-0.55874	0.56005	-0.56005	0.56097	-0.56097	0.56341	-0.56341	0.56683	-0.56683	0.56722	-0.56722	0.57244	-0.57244	0.58033	-0.58033	0.58436	-0.58436	1.0237	-1.0237	1.0262	-1.0262	1.089	-1.089	1.1016	-1.1016	1.1486	-1.1486	1.1506	-1.1506	1.1708	-1.1708	1.1888	-1.1888	1.2133	-1.2133	1.2241	-1.2241	1.305	-1.305	1.3158	-1.3158	1.3239	-1.3239	1.3629	-1.3629	1.3676	-1.3676	1.3699	-1.3699	1.3715	-1.3715	1.3762	-1.3762	-1.3845	1.3845	1.4402	-1.4402	1.45	-1.45	1.4709	-1.4709	-1.5025	1.5025	1.5057	-1.5057	1.5182	-1.5182	1.5208	-1.5208	1.5416	-1.5416	1.6046	-1.6046	1.6142	-1.6142	-1.6214	1.6214	1.6734	-1.6734	1.6842	-1.6842	1.7212	-1.7212	-1.7748	1.7748	1.789	-1.789	1.8019	-1.8019	-1.812	1.812	1.8304	-1.8304	-1.9476	1.9476	
0	-0.6	-0.57962	0.57962	-0.58118	0.58118	-0.58448	0.58448	0.58571	-0.58571	0.58668	-0.58668	0.5893	-0.5893	0.5926	-0.5926	0.59294	-0.59294	-0.5982	0.5982	0.60624	-0.60624	0.61041	-0.61041	1.0236	-1.0236	-1.0262	1.0262	1.089	-1.089	1.1017	-1.1017	1.1486	-1.1486	-1.1507	1.1507	1.1697	-1.1697	1.1885	-1.1885	1.2119	-1.2119	1.2243	-1.2243	1.3047	-1.3047	1.3137	-1.3137	1.3232	-1.3232	1.3612	-1.3612	1.3693	-1.3693	1.3704	-1.3704	1.3705	-1.3705	1.3755	-1.3755	-1.3831	1.3831	1.4393	-1.4393	1.4494	-1.4494	1.4716	-1.4716	1.5023	-1.5023	1.5079	-1.5079	1.5187	-1.5187	1.5208	-1.5208	1.5419	-1.5419	1.6042	-1.6042	1.6151	-1.6151	-1.62	1.62	1.6742	-1.6742	1.6844	-1.6844	-1.7226	1.7226	-1.773	1.773	1.7908	-1.7908	1.8045	-1.8045	1.8119	-1.8119	1.8304	-1.8304	1.9475	-1.9475	
0	-0.58	-0.60339	0.60339	0.60614	-0.60614	-0.60969	0.60969	0.61081	-0.61081	0.61184	-0.61184	0.61467	-0.61467	0.61783	-0.61783	0.61813	-0.61813	0.62345	-0.62345	0.63168	-0.63168	0.63603	-0.63603	-1.0236	1.0236	-1.0262	1.0262	1.0889	-1.0889	1.1018	-1.1018	1.1486	-1.1486	1.1507	-1.1507	1.1686	-1.1686	1.1881	-1.1881	1.2104	-1.2104	1.2246	-1.2246	1.3044	-1.3044	1.3115	-1.3115	1.3224	-1.3224	1.3593	-1.3593	1.3693	-1.3693	1.371	-1.371	1.3711	-1.3711	1.3748	-1.3748	1.3817	-1.3817	1.4383	-1.4383	1.4488	-1.4488	-1.4724	1.4724	1.5022	-1.5022	1.5103	-1.5103	1.5193	-1.5193	1.5208	-1.5208	1.5423	-1.5423	1.6038	-1.6038	1.6161	-1.6161	-1.6184	1.6184	1.675	-1.675	1.6846	-1.6846	1.724	-1.724	1.7711	-1.7711	1.7926	-1.7926	1.8072	-1.8072	-1.8118	1.8118	1.8305	-1.8305	1.9474	-1.9474	
0	-0.56	0.62673	-0.62673	0.63052	-0.63052	0.63433	-0.63433	0.63534	-0.63534	0.63642	-0.63642	0.63952	-0.63952	0.64252	-0.64252	0.64277	-0.64277	0.64818	-0.64818	-0.65663	0.65663	0.66119	-0.66119	1.0235	-1.0235	-1.0263	1.0263	1.0887	-1.0887	1.102	-1.102	1.1486	-1.1486	1.1507	-1.1507	1.1674	-1.1674	1.1878	-1.1878	1.2088	-1.2088	1.2248	-1.2248	1.304	-1.304	1.3092	-1.3092	1.3217	-1.3217	1.3574	-1.3574	1.3681	-1.3681	1.3716	-1.3716	1.3729	-1.3729	1.3741	-1.3741	-1.3802	1.3802	1.4372	-1.4372	1.4481	-1.4481	1.4731	-1.4731	-1.502	1.502	1.5127	-1.5127	1.5199	-1.5199	1.5208	-1.5208	1.5428	-1.5428	1.6033	-1.6033	1.6168	-1.6168	1.6171	-1.6171	1.6758	-1.6758	1.6849	-1.6849	1.7254	-1.7254	-1.7691	1.7691	1.7945	-1.7945	1.8101	-1.8101	1.8117	-1.8117	1.8305	-1.8305	-1.9473	1.9473	
0	-0.54	0.64958	-0.64958	0.6543	-0.6543	0.6584	-0.6584	0.65926	-0.65926	0.6604	-0.6604	0.6638	-0.6638	0.66663	-0.66663	0.66682	-0.66682	-0.67236	0.67236	0.68107	-0.68107	0.68587	-0.68587	1.0235	-1.0235	-1.0263	1.0263	1.0886	-1.0886	1.1022	-1.1022	1.1486	-1.1486	1.1507	-1.1507	1.1662	-1.1662	1.1875	-1.1875	1.2071	-1.2071	1.225	-1.225	1.3037	-1.3037	1.3067	-1.3067	1.3209	-1.3209	1.3553	-1.3553	1.3668	-1.3668	1.3723	-1.3723	1.3733	-1.3733	1.3749	-1.3749	-1.3786	1.3786	1.4361	-1.4361	1.4473	-1.4473	1.4739	-1.4739	1.5018	-1.5018	1.5153	-1.5153	1.5205	-1.5205	1.5208	-1.5208	1.5432	-1.5432	1.6029	-1.6029	1.6151	-1.6151	1.6182	-1.6182	1.6767	-1.6767	1.6851	-1.6851	1.7269	-1.7269	1.7669	-1.7669	1.7965	-1.7965	1.8116	-1.8116	1.8131	-1.8131	1.8305	-1.8305	-1.9472	1.9472	
0	-0.52	-0.67193	0.67193	0.67745	-0.67745	-0.68187	0.68187	0.68256	-0.68256	0.68376	-0.68376	0.68752	-0.68752	0.69014	-0.69014	0.69027	-0.69027	0.69596	-0.69596	0.70497	-0.70497	0.71005	-0.71005	1.0234	-1.0234	-1.0263	1.0263	1.0885	-1.0885	1.1023	-1.1023	-1.1485	1.1485	-1.1507	1.1507	-1.1648	1.1648	1.1871	-1.1871	1.2053	-1.2053	1.2253	-1.2253	1.3033	-1.3033	1.3041	-1.3041	1.32	-1.32	1.3531	-1.3531	1.3655	-1.3655	1.3725	-1.3725	1.373	-1.373	1.377	-1.377	1.377	-1.377	1.4349	-1.4349	1.4466	-1.4466	1.4747	-1.4747	-1.5016	1.5016	1.5181	-1.5181	1.5209	-1.5209	1.5212	-1.5212	1.5436	-1.5436	1.6024	-1.6024	-1.6134	1.6134	1.6192	-1.6192	1.6775	-1.6775	1.6854	-1.6854	1.7284	-1.7284	-1.7647	1.7647	1.7986	-1.7986	1.8114	-1.8114	1.8162	-1.8162	1.8305	-1.8305	1.9471	-1.9471	
0	-0.5	-0.69375	0.69375	-0.69994	0.69994	0.70472	-0.70472	0.70521	-0.70521	0.70647	-0.70647	0.71065	-0.71065	0.71304	-0.71304	0.71308	-0.71308	-0.71896	0.71896	0.72831	-0.72831	0.73372	-0.73372	1.0233	-1.0233	1.0263	-1.0263	1.0884	-1.0884	1.1025	-1.1025	1.1485	-1.1485	-1.1507	1.1507	1.1634	-1.1634	1.1867	-1.1867	1.2034	-1.2034	1.2256	-1.2256	1.3013	-1.3013	1.3029	-1.3029	1.3191	-1.3191	1.3508	-1.3508	1.3642	-1.3642	1.3716	-1.3716	1.3737	-1.3737	1.3753	-1.3753	-1.3792	1.3792	1.4338	-1.4338	1.4457	-1.4457	1.4756	-1.4756	1.5014	-1.5014	1.5209	-1.5209	1.5209	-1.5209	1.5218	-1.5218	1.5441	-1.5441	1.6019	-1.6019	1.6115	-1.6115	1.6204	-1.6204	1.6784	-1.6784	1.6856	-1.6856	-1.73	1.73	-1.7624	1.7624	1.8007	-1.8007	1.8113	-1.8113	1.8194	-1.8194	1.8305	-1.8305	-1.9469	1.9469	
0	-0.48	0.715	-0.715	-0.72177	0.72177	-0.72694	0.72694	0.7272	-0.7272	0.72851	-0.72851	0.73317	-0.73317	0.73524	-0.73524	0.73528	-0.73528	-0.74133	0.74133	0.75107	-0.75107	0.75685	-0.75685	-1.0233	1.0233	-1.0263	1.0263	1.0882	-1.0882	1.1027	-1.1027	1.1485	-1.1485	1.1508	-1.1508	1.1618	-1.1618	1.1862	-1.1862	1.2014	-1.2014	1.2259	-1.2259	1.2984	-1.2984	1.3025	-1.3025	1.3182	-1.3182	1.3485	-1.3485	1.3627	-1.3627	1.3707	-1.3707	1.3735	-1.3735	1.3744	-1.3744	1.3814	-1.3814	1.4325	-1.4325	1.4449	-1.4449	1.4764	-1.4764	-1.5012	1.5012	1.5209	-1.5209	1.5225	-1.5225	1.5239	-1.5239	1.5446	-1.5446	1.6014	-1.6014	1.6096	-1.6096	1.6215	-1.6215	1.6794	-1.6794	1.6859	-1.6859	-1.7316	1.7316	-1.76	1.76	-1.8028	1.8028	1.8112	-1.8112	1.8228	-1.8228	1.8306	-1.8306	1.9468	-1.9468	
0	-0.46	-0.73566	0.73566	-0.74289	0.74289	-0.7485	0.7485	0.74851	-0.74851	0.74985	-0.74985	0.75508	-0.75508	0.75673	-0.75673	0.75686	-0.75686	-0.76306	0.76306	0.77323	-0.77323	0.77943	-0.77943	1.0232	-1.0232	-1.0264	1.0264	1.0881	-1.0881	1.1029	-1.1029	1.1485	-1.1485	1.1508	-1.1508	1.1602	-1.1602	1.1858	-1.1858	1.1992	-1.1992	1.2262	-1.2262	1.2953	-1.2953	1.3021	-1.3021	1.3173	-1.3173	1.346	-1.346	1.3613	-1.3613	1.3698	-1.3698	-1.3716	1.3716	1.3753	-1.3753	1.3838	-1.3838	1.4312	-1.4312	1.444	-1.444	-1.4773	1.4773	-1.501	1.501	1.5209	-1.5209	1.5232	-1.5232	1.527	-1.527	1.5451	-1.5451	1.6008	-1.6008	-1.6077	1.6077	1.6226	-1.6226	1.6803	-1.6803	1.6862	-1.6862	1.7333	-1.7333	-1.7575	1.7575	1.805	-1.805	1.811	-1.811	1.8262	-1.8262	1.8306	-1.8306	1.9467	-1.9467	
0	-0.44	0.7557	-0.7557	-0.76331	0.76331	0.76908	-0.76908	-0.76942	0.76942	0.77049	-0.77049	-0.77636	0.77636	0.77752	-0.77752	0.77776	-0.77776	0.78413	-0.78413	0.79477	-0.79477	0.80145	-0.80145	1.0231	-1.0231	1.0264	-1.0264	1.0879	-1.0879	1.1032	-1.1032	-1.1484	1.1484	1.1508	-1.1508	-1.1585	1.1585	1.1853	-1.1853	1.1969	-1.1969	1.2265	-1.2265	1.2921	-1.2921	1.3016	-1.3016	1.3163	-1.3163	1.3434	-1.3434	1.3597	-1.3597	1.3689	-1.3689	-1.3697	1.3697	1.3761	-1.3761	1.3863	-1.3863	1.4299	-1.4299	1.443	-1.443	1.4782	-1.4782	-1.5008	1.5008	1.5209	-1.5209	1.5239	-1.5239	1.5302	-1.5302	1.5457	-1.5457	-1.6003	1.6003	1.6056	-1.6056	1.6238	-1.6238	1.6812	-1.6812	1.6865	-1.6865	1.7349	-1.7349	-1.7549	1.7549	1.8072	-1.8072	1.8109	-1.8109	1.8297	-1.8297	1.8306	-1.8306	1.9466	-1.9466	
0	-0.42	0.77511	-0.77511	-0.78298	0.78298	0.78894	-0.78894	0.78965	-0.78965	0.7904	-0.7904	0.797	-0.797	0.79759	-0.79759	0.79795	-0.79795	-0.80451	0.80451	0.81567	-0.81567	0.82289	-0.82289	1.023	-1.023	1.0264	-1.0264	1.0878	-1.0878	1.1034	-1.1034	-1.1484	1.1484	1.1508	-1.1508	1.1567	-1.1567	1.1848	-1.1848	1.1945	-1.1945	1.2268	-1.2268	1.2887	-1.2887	1.3012	-1.3012	1.3152	-1.3152	1.3407	-1.3407	1.3581	-1.3581	1.3677	-1.3677	1.3679	-1.3679	1.377	-1.377	1.3889	-1.3889	1.4286	-1.4286	1.442	-1.442	1.4791	-1.4791	1.5005	-1.5005	1.521	-1.521	1.5246	-1.5246	1.5336	-1.5336	1.5462	-1.5462	1.5997	-1.5997	-1.6035	1.6035	1.625	-1.625	1.6822	-1.6822	1.6867	-1.6867	1.7366	-1.7366	1.7522	-1.7522	1.8094	-1.8094	1.8107	-1.8107	1.8306	-1.8306	1.8332	-1.8332	1.9465	-1.9465	
0	-0.4	0.79385	-0.79385	0.80189	-0.80189	0.80804	-0.80804	0.8092	-0.8092	0.80955	-0.80955	0.81692	-0.81692	0.81699	-0.81699	0.81741	-0.81741	0.82418	-0.82418	0.83592	-0.83592	0.84374	-0.84374	1.0229	-1.0229	1.0264	-1.0264	1.0876	-1.0876	1.1037	-1.1037	1.1484	-1.1484	1.1509	-1.1509	-1.1547	1.1547	1.1843	-1.1843	1.192	-1.192	1.2272	-1.2272	1.2851	-1.2851	1.3007	-1.3007	1.3142	-1.3142	1.3378	-1.3378	1.3565	-1.3565	-1.3656	1.3656	1.3669	-1.3669	1.3779	-1.3779	1.3915	-1.3915	1.4272	-1.4272	1.441	-1.441	1.4801	-1.4801	1.5003	-1.5003	1.521	-1.521	1.5253	-1.5253	1.537	-1.537	1.5468	-1.5468	1.5991	-1.5991	-1.6013	1.6013	1.6262	-1.6262	1.6831	-1.6831	1.687	-1.687	1.7383	-1.7383	-1.7495	1.7495	1.8106	-1.8106	1.8116	-1.8116	1.8307	-1.8307	1.8369	-1.8369	1.9464	-1.9464	
0	-0.38	0.8119	-0.8119	-0.82002	0.82002	0.82638	-0.82638	0.82793	-0.82793	0.82805	-0.82805	0.83549	-0.83549	0.83613	-0.83613	0.83632	-0.83632	0.84313	-0.84313	0.85549	-0.85549	0.864	-0.864	1.0228	-1.0228	1.0265	-1.0265	1.0874	-1.0874	1.104	-1.104	1.1484	-1.1484	1.1509	-1.1509	1.1527	-1.1527	1.1837	-1.1837	1.1893	-1.1893	1.2275	-1.2275	1.2813	-1.2813	1.3002	-1.3002	1.3131	-1.3131	1.3349	-1.3349	1.3548	-1.3548	1.3635	-1.3635	1.3659	-1.3659	1.3789	-1.3789	1.3943	-1.3943	1.4258	-1.4258	1.4399	-1.4399	1.481	-1.481	1.5001	-1.5001	1.521	-1.521	1.526	-1.526	-1.5405	1.5405	1.5474	-1.5474	1.5985	-1.5985	1.5991	-1.5991	1.6274	-1.6274	1.6841	-1.6841	1.6873	-1.6873	1.74	-1.74	1.7466	-1.7466	1.8104	-1.8104	1.8139	-1.8139	1.8307	-1.8307	1.8406	-1.8406	-1.9463	1.9463	
0	-0.36	0.82925	-0.82925	0.83735	-0.83735	0.84394	-0.84394	0.84553	-0.84553	0.84621	-0.84621	0.85327	-0.85327	0.85409	-0.85409	0.85499	-0.85499	0.86133	-0.86133	0.87437	-0.87437	0.88365	-0.88365	1.0227	-1.0227	-1.0265	1.0265	1.0872	-1.0872	1.1043	-1.1043	1.1483	-1.1483	-1.1505	1.1505	1.1509	-1.1509	1.1831	-1.1831	1.1864	-1.1864	1.2279	-1.2279	1.2774	-1.2774	1.2997	-1.2997	1.312	-1.312	1.3319	-1.3319	1.3531	-1.3531	-1.3614	1.3614	1.3649	-1.3649	1.3799	-1.3799	1.3971	-1.3971	1.4244	-1.4244	1.4388	-1.4388	1.4819	-1.4819	-1.4998	1.4998	1.521	-1.521	1.5267	-1.5267	1.5441	-1.5441	1.5479	-1.5479	-1.5968	1.5968	1.5979	-1.5979	1.6286	-1.6286	1.685	-1.685	1.6876	-1.6876	-1.7416	1.7416	-1.7437	1.7437	1.8103	-1.8103	1.8161	-1.8161	1.8307	-1.8307	-1.8443	1.8443	1.9462	-1.9462	
0	-0.34	0.84586	-0.84586	0.85387	-0.85387	0.86068	-0.86068	0.86231	-0.86231	0.86365	-0.86365	0.87026	-0.87026	0.87126	-0.87126	0.873	-0.873	0.87877	-0.87877	0.89253	-0.89253	0.90269	-0.90269	1.0225	-1.0225	-1.0265	1.0265	1.087	-1.087	1.1046	-1.1046	1.1482	-1.1482	1.1483	-1.1483	1.1509	-1.1509	1.1825	-1.1825	1.1834	-1.1834	1.2283	-1.2283	1.2733	-1.2733	1.2992	-1.2992	1.3109	-1.3109	1.3288	-1.3288	1.3514	-1.3514	-1.3592	1.3592	1.3638	-1.3638	1.381	-1.381	1.4	-1.4	1.4229	-1.4229	1.4376	-1.4376	1.4829	-1.4829	1.4996	-1.4996	1.521	-1.521	1.5274	-1.5274	1.5478	-1.5478	1.5485	-1.5485	1.5945	-1.5945	1.5972	-1.5972	1.6297	-1.6297	1.686	-1.686	1.6879	-1.6879	1.7407	-1.7407	1.7433	-1.7433	1.8102	-1.8102	1.8183	-1.8183	1.8307	-1.8307	1.8481	-1.8481	-1.946	1.946	
0	-0.32	-0.86172	0.86172	0.86955	-0.86955	0.87661	-0.87661	0.87826	-0.87826	0.88038	-0.88038	0.88643	-0.88643	0.88762	-0.88762	0.89034	-0.89034	-0.89542	0.89542	0.90997	-0.90997	0.92112	-0.92112	1.0223	-1.0223	-1.0266	1.0266	1.0867	-1.0867	1.105	-1.105	1.1458	-1.1458	1.1483	-1.1483	1.151	-1.151	1.1803	-1.1803	1.1819	-1.1819	1.2286	-1.2286	1.269	-1.269	1.2987	-1.2987	1.3097	-1.3097	1.3256	-1.3256	1.3496	-1.3496	-1.3569	1.3569	1.3628	-1.3628	1.3821	-1.3821	1.4029	-1.4029	1.4215	-1.4215	1.4364	-1.4364	1.4838	-1.4838	-1.4994	1.4994	1.521	-1.521	1.5281	-1.5281	1.5491	-1.5491	1.5516	-1.5516	-1.5921	1.5921	1.5966	-1.5966	1.6309	-1.6309	1.6869	-1.6869	1.6882	-1.6882	1.7377	-1.7377	1.7449	-1.7449	1.81	-1.81	1.8205	-1.8205	1.8307	-1.8307	1.8519	-1.8519	-1.9459	1.9459	
0	-0.3	0.87681	-0.87681	-0.88438	0.88438	0.8917	-0.8917	0.89337	-0.89337	0.89639	-0.89639	0.90175	-0.90175	0.90316	-0.90316	-0.907	0.907	-0.91126	0.91126	-0.92665	0.92665	0.93892	-0.93892	1.0221	-1.0221	-1.0266	1.0266	1.0865	-1.0865	-1.1054	1.1054	1.1432	-1.1432	1.1482	-1.1482	1.151	-1.151	-1.1769	1.1769	1.1812	-1.1812	1.229	-1.229	-1.2644	1.2644	1.2982	-1.2982	-1.3086	1.3086	-1.3224	1.3224	-1.3479	1.3479	-1.3547	1.3547	-1.3617	1.3617	1.3833	-1.3833	1.4059	-1.4059	1.42	-1.42	1.4351	-1.4351	-1.4847	1.4847	1.4991	-1.4991	-1.5211	1.5211	1.5288	-1.5288	1.5498	-1.5498	1.5554	-1.5554	1.5897	-1.5897	1.596	-1.596	1.632	-1.632	1.6878	-1.6878	1.6884	-1.6884	-1.7346	1.7346	1.7465	-1.7465	1.8099	-1.8099	-1.8226	1.8226	-1.8308	1.8308	-1.8556	1.8556	-1.9458	1.9458	
